0.000 0.999 0.928 0.002 0.000 0.000 0.000 0.018 0.000 0.000 0.000 0.025 0.062 0.029 0.000 0.000 0.000 0.000 0.000 0.000 0.000 0.000 0.000 0.000 0.000 0.000 0.000 0.000 0.000 0.000 0.832 0.302 0.263 0.720
0.999 0.000 0.991 0.935 0.005 0.995 0.974 0.927 0.000 0.000 0.000 0.000 0.000 0.000 0.000 0.000 0.000 0.000 0.985 0.116 0.000 0.000 0.000 0.000 0.000 0.000 0.000 0.000 0.000 0.000 0.991 0.993 0.431 0.757
0.928 0.991 0.000 0.993 0.950 1.000 0.000 0.000 0.000 0.000 0.000 0.000 0.004 0.000 0.000 0.000 0.000 0.000 0.004 0.000 0.388 0.000 0.000 0.000 0.000 0.000 0.000 0.000 0.000 0.000 0.334 1.000 0.996 0.999
0.002 0.935 0.993 0.000 0.981 0.995 0.000 0.000 0.000 0.000 0.000 0.003 0.014 0.009 0.001 0.002 0.000 0.000 0.000 0.000 0.933 0.006 0.861 0.015 0.000 0.000 0.000 0.000 0.000 0.000 0.000 0.000 0.004 0.914
0.000 0.005 0.950 0.981 0.000 0.997 0.911 0.000 0.000 0.000 0.000 0.000 0.000 0.000 0.000 0.000 0.000 0.000 0.000 0.923 0.998 0.992 0.994 0.294 0.000 0.000 0.000 0.000 0.000 0.000 0.000 0.000 0.000 0.000
0.000 0.995 1.000 0.995 0.997 0.000 0.984 0.828 0.000 0.000 0.000 0.000 0.000 0.000 0.000 0.000 0.000 0.020 0.942 0.987 1.000 0.979 0.195 0.617 0.000 0.984 0.938 0.991 0.000 0.017 0.001 0.998 0.044 0.039
0.000 0.974 0.000 0.000 0.911 0.984 0.000 0.984 0.988 0.000 0.000 0.000 0.000 0.000 0.000 0.000 0.000 0.900 0.999 1.000 0.938 0.919 0.000 0.000 0.002 0.000 0.000 0.000 0.000 0.000 0.000 0.171 0.000 0.000
0.018 0.927 0.000 0.000 0.000 0.828 0.984 0.000 0.989 0.961 0.000 0.000 0.000 0.000 0.000 0.000 0.990 0.970 0.996 0.919 0.000 0.000 0.000 0.000 0.000 0.000 0.000 0.000 0.000 0.000 0.593 0.024 0.000 0.000
0.000 0.000 0.000 0.000 0.000 0.000 0.988 0.989 0.000 0.999 0.916 0.000 0.000 0.000 0.000 0.922 1.000 1.000 0.964 0.993 0.000 0.460 0.000 0.000 0.031 0.000 0.550 0.000 0.001 0.000 0.000 0.000 0.000 0.000
0.000 0.000 0.000 0.000 0.000 0.000 0.000 0.961 0.999 0.000 0.997 0.943 0.012 0.065 0.984 0.998 1.000 0.999 0.000 0.000 0.000 0.000 0.000 0.000 0.000 0.000 0.000 0.000 0.058 0.000 0.000 0.000 0.000 0.000
0.000 0.000 0.000 0.000 0.000 0.000 0.000 0.000 0.916 0.997 0.000 1.000 0.979 0.996 0.995 1.000 0.947 0.994 0.000 0.000 0.000 0.000 0.000 0.000 0.000 0.000 0.000 0.000 0.996 0.000 0.000 0.000 0.002 0.003
0.025 0.000 0.000 0.003 0.000 0.000 0.000 0.000 0.000 0.943 1.000 0.000 0.997 0.998 0.994 0.072 0.000 0.849 0.000 0.000 0.000 0.000 0.001 0.000 0.000 0.000 0.000 0.000 0.001 0.000 0.000 0.000 0.069 0.085
0.062 0.000 0.004 0.014 0.000 0.000 0.000 0.000 0.000 0.012 0.979 0.997 0.000 0.999 0.960 0.064 0.000 0.000 0.000 0.000 0.000 0.000 0.002 0.000 0.000 0.000 0.000 0.000 0.013 0.000 0.000 0.000 0.070 0.072
0.029 0.000 0.000 0.009 0.000 0.000 0.000 0.000 0.000 0.065 0.996 0.998 0.999 0.000 0.995 0.996 0.000 0.001 0.000 0.000 0.000 0.000 0.001 0.000 0.000 0.000 0.000 0.000 0.889 0.000 0.000 0.000 0.020 0.042
0.000 0.000 0.000 0.001 0.000 0.000 0.000 0.000 0.000 0.984 0.995 0.994 0.960 0.995 0.000 1.000 0.952 0.000 0.000 0.000 0.000 0.000 0.001 0.000 0.000 0.000 0.000 0.000 0.003 0.000 0.000 0.000 0.013 0.002
0.000 0.000 0.000 0.002 0.000 0.000 0.000 0.000 0.922 0.998 1.000 0.072 0.064 0.996 1.000 0.000 0.973 0.995 0.000 0.000 0.000 0.000 0.000 0.000 0.000 0.000 0.000 0.000 0.998 0.024 0.000 0.000 0.001 0.001
0.000 0.000 0.000 0.000 0.000 0.000 0.000 0.990 1.000 1.000 0.947 0.000 0.000 0.000 0.952 0.973 0.000 0.999 0.975 0.000 0.000 0.000 0.000 0.000 0.000 0.000 0.000 0.125 0.991 0.027 0.191 0.000 0.000 0.000
0.000 0.000 0.000 0.000 0.000 0.020 0.900 0.970 1.000 0.999 0.994 0.849 0.000 0.001 0.000 0.995 0.999 0.000 0.988 0.961 0.001 0.000 0.000 0.000 0.000 0.012 0.959 0.946 0.999 0.471 0.000 0.000 0.000 0.000
0.000 0.985 0.004 0.000 0.000 0.942 0.999 0.996 0.964 0.000 0.000 0.000 0.000 0.000 0.000 0.000 0.975 0.988 0.000 0.997 0.867 0.000 0.000 0.000 0.000 0.853 0.976 0.999 0.983 0.955 0.989 0.958 0.000 0.000
0.000 0.116 0.000 0.000 0.923 0.987 1.000 0.919 0.993 0.000 0.000 0.000 0.000 0.000 0.000 0.000 0.000 0.961 0.997 0.000 0.985 0.989 0.039 0.000 0.972 0.962 0.999 0.967 0.000 0.000 0.000 0.095 0.000 0.000
0.000 0.000 0.388 0.933 0.998 1.000 0.938 0.000 0.000 0.000 0.000 0.000 0.000 0.000 0.000 0.000 0.000 0.001 0.867 0.985 0.000 1.000 0.992 0.997 0.993 0.990 0.936 0.030 0.000 0.000 0.000 0.075 0.000 0.001
0.000 0.000 0.000 0.006 0.992 0.979 0.919 0.000 0.460 0.000 0.000 0.000 0.000 0.000 0.000 0.000 0.000 0.000 0.000 0.989 1.000 0.000 0.987 0.977 0.986 0.238 0.000 0.000 0.000 0.000 0.000 0.000 0.000 0.000
0.000 0.000 0.000 0.861 0.994 0.195 0.000 0.000 0.000 0.000 0.000 0.001 0.002 0.001 0.001 0.000 0.000 0.000 0.000 0.039 0.992 0.987 0.000 0.998 0.985 0.124 0.000 0.000 0.000 0.000 0.000 0.000 0.000 0.000
0.000 0.000 0.000 0.015 0.294 0.617 0.000 0.000 0.000 0.000 0.000 0.000 0.000 0.000 0.000 0.000 0.000 0.000 0.000 0.000 0.997 0.977 0.998 0.000 0.994 0.996 0.009 0.000 0.000 0.000 0.000 0.000 0.000 0.000
0.000 0.000 0.000 0.000 0.000 0.000 0.002 0.000 0.031 0.000 0.000 0.000 0.000 0.000 0.000 0.000 0.000 0.000 0.000 0.972 0.993 0.986 0.985 0.994 0.000 0.996 0.980 0.000 0.000 0.000 0.000 0.000 0.002 0.000
0.000 0.000 0.000 0.000 0.000 0.984 0.000 0.000 0.000 0.000 0.000 0.000 0.000 0.000 0.000 0.000 0.000 0.012 0.853 0.962 0.990 0.238 0.124 0.996 0.996 0.000 0.990 0.947 0.000 0.000 0.000 0.000 0.000 0.000
0.000 0.000 0.000 0.000 0.000 0.938 0.000 0.000 0.550 0.000 0.000 0.000 0.000 0.000 0.000 0.000 0.000 0.959 0.976 0.999 0.936 0.000 0.000 0.009 0.980 0.990 0.000 0.999 0.879 0.000 0.000 0.000 0.000 0.000
0.000 0.000 0.000 0.000 0.000 0.991 0.000 0.000 0.000 0.000 0.000 0.000 0.000 0.000 0.000 0.000 0.125 0.946 0.999 0.967 0.030 0.000 0.000 0.000 0.000 0.947 0.999 0.000 0.999 1.000 0.892 0.963 0.009 0.000
0.000 0.000 0.000 0.000 0.000 0.000 0.000 0.000 0.001 0.058 0.996 0.001 0.013 0.889 0.003 0.998 0.991 0.999 0.983 0.000 0.000 0.000 0.000 0.000 0.000 0.000 0.879 0.999 0.000 0.978 0.897 0.006 0.000 0.000
0.000 0.000 0.000 0.000 0.000 0.017 0.000 0.000 0.000 0.000 0.000 0.000 0.000 0.000 0.000 0.024 0.027 0.471 0.955 0.000 0.000 0.000 0.000 0.000 0.000 0.000 0.000 1.000 0.978 0.000 0.994 0.953 0.229 0.000
0.832 0.991 0.334 0.000 0.000 0.001 0.000 0.593 0.000 0.000 0.000 0.000 0.000 0.000 0.000 0.000 0.191 0.000 0.989 0.000 0.000 0.000 0.000 0.000 0.000 0.000 0.000 0.892 0.897 0.994 0.000 0.994 0.942 0.197
0.302 0.993 1.000 0.000 0.000 0.998 0.171 0.024 0.000 0.000 0.000 0.000 0.000 0.000 0.000 0.000 0.000 0.000 0.958 0.095 0.075 0.000 0.000 0.000 0.000 0.000 0.000 0.963 0.006 0.953 0.994 0.000 0.995 0.981
0.263 0.431 0.996 0.004 0.000 0.044 0.000 0.000 0.000 0.000 0.002 0.069 0.070 0.020 0.013 0.001 0.000 0.000 0.000 0.000 0.000 0.000 0.000 0.000 0.002 0.000 0.000 0.009 0.000 0.229 0.942 0.995 0.000 1.000
0.720 0.757 0.999 0.914 0.000 0.039 0.000 0.000 0.000 0.000 0.003 0.085 0.072 0.042 0.002 0.001 0.000 0.000 0.000 0.000 0.001 0.000 0.000 0.000 0.000 0.000 0.000 0.000 0.000 0.000 0.197 0.981 1.000 0.000
