0.000 0.998 0.921 0.002 0.000 0.000 0.000 0.072 0.000 0.000 0.000 0.000 0.022 0.000 0.000 0.000 0.000 0.000 0.001 0.000 0.000 0.000 0.000 0.000 0.000 0.000 0.000 0.000 0.000 0.000 0.739 0.396 0.394 0.813
0.998 0.000 0.995 0.892 0.003 0.993 0.966 0.994 0.000 0.000 0.000 0.000 0.000 0.000 0.000 0.000 0.003 0.000 0.985 0.119 0.000 0.000 0.000 0.000 0.000 0.000 0.000 0.000 0.000 0.000 0.994 0.993 0.521 0.848
0.921 0.995 0.000 0.990 0.973 0.998 0.000 0.000 0.000 0.000 0.000 0.000 0.000 0.000 0.000 0.000 0.000 0.000 0.003 0.000 0.412 0.000 0.024 0.000 0.000 0.000 0.000 0.000 0.000 0.000 0.276 0.985 0.950 0.989
0.002 0.892 0.990 0.000 0.996 0.979 0.000 0.000 0.000 0.000 0.000 0.000 0.014 0.000 0.000 0.000 0.000 0.000 0.000 0.000 0.923 0.003 0.685 0.019 0.000 0.000 0.000 0.000 0.000 0.000 0.000 0.000 0.003 0.862
0.000 0.003 0.973 0.996 0.000 0.981 0.854 0.000 0.000 0.000 0.000 0.000 0.000 0.000 0.000 0.000 0.000 0.000 0.000 0.858 1.000 0.979 0.944 0.235 0.000 0.000 0.000 0.000 0.000 0.000 0.000 0.000 0.000 0.000
0.000 0.993 0.998 0.979 0.981 0.000 0.989 0.920 0.000 0.000 0.000 0.000 0.000 0.000 0.000 0.000 0.000 0.009 0.964 0.993 0.998 0.939 0.123 0.539 0.000 0.921 0.883 0.953 0.000 0.078 0.016 0.988 0.053 0.022
0.000 0.966 0.000 0.000 0.854 0.989 0.000 0.999 0.954 0.000 0.000 0.000 0.000 0.000 0.000 0.000 0.000 0.930 0.994 1.000 0.907 0.929 0.000 0.000 0.000 0.000 0.000 0.000 0.000 0.000 0.000 0.110 0.000 0.000
0.072 0.994 0.000 0.000 0.000 0.920 0.999 0.000 0.996 0.957 0.000 0.015 0.000 0.000 0.000 0.000 0.968 0.986 1.000 0.991 0.000 0.077 0.000 0.000 0.000 0.000 0.000 0.000 0.000 0.000 0.747 0.115 0.000 0.000
0.000 0.000 0.000 0.000 0.000 0.000 0.954 0.996 0.000 0.999 0.943 0.531 0.000 0.000 0.000 0.942 0.999 1.000 0.997 0.882 0.000 0.336 0.000 0.000 0.000 0.000 0.265 0.000 0.001 0.000 0.000 0.000 0.000 0.000
0.000 0.000 0.000 0.000 0.000 0.000 0.000 0.957 0.999 0.000 0.991 0.999 0.044 0.252 0.952 0.993 1.000 1.000 0.000 0.000 0.000 0.000 0.000 0.000 0.000 0.000 0.000 0.000 0.050 0.000 0.000 0.000 0.000 0.000
0.000 0.000 0.000 0.000 0.000 0.000 0.000 0.000 0.943 0.991 0.000 1.000 0.979 0.991 0.998 1.000 0.985 0.998 0.000 0.000 0.000 0.000 0.000 0.000 0.000 0.000 0.000 0.000 0.987 0.000 0.000 0.000 0.000 0.000
0.000 0.000 0.000 0.000 0.000 0.000 0.000 0.015 0.531 0.999 1.000 0.000 0.998 1.000 0.954 0.542 0.000 0.745 0.000 0.000 0.000 0.000 0.000 0.000 0.000 0.000 0.000 0.000 0.011 0.000 0.000 0.000 0.002 0.005
0.022 0.000 0.000 0.014 0.000 0.000 0.000 0.000 0.000 0.044 0.979 0.998 0.000 0.998 0.974 0.242 0.000 0.000 0.000 0.000 0.000 0.000 0.001 0.000 0.000 0.000 0.000 0.000 0.000 0.000 0.000 0.000 0.008 0.049
0.000 0.000 0.000 0.000 0.000 0.000 0.000 0.000 0.000 0.252 0.991 1.000 0.998 0.000 0.997 0.994 0.001 0.000 0.000 0.000 0.000 0.000 0.000 0.000 0.000 0.000 0.000 0.000 0.009 0.000 0.000 0.000 0.000 0.004
0.000 0.000 0.000 0.000 0.000 0.000 0.000 0.000 0.000 0.952 0.998 0.954 0.974 0.997 0.000 1.000 0.991 0.000 0.000 0.000 0.000 0.000 0.000 0.000 0.000 0.000 0.000 0.000 0.000 0.000 0.000 0.000 0.000 0.000
0.000 0.000 0.000 0.000 0.000 0.000 0.000 0.000 0.942 0.993 1.000 0.542 0.242 0.994 1.000 0.000 0.993 0.999 0.000 0.000 0.000 0.000 0.000 0.000 0.000 0.000 0.000 0.000 0.988 0.028 0.000 0.000 0.000 0.000
0.000 0.003 0.000 0.000 0.000 0.000 0.000 0.968 0.999 1.000 0.985 0.000 0.000 0.001 0.991 0.993 0.000 1.000 0.984 0.000 0.000 0.000 0.000 0.000 0.000 0.000 0.000 0.129 0.986 0.012 0.475 0.000 0.000 0.000
0.000 0.000 0.000 0.000 0.000 0.009 0.930 0.986 1.000 1.000 0.998 0.745 0.000 0.000 0.000 0.999 1.000 0.000 0.996 0.971 0.000 0.000 0.000 0.000 0.000 0.003 0.986 0.976 0.992 0.378 0.000 0.000 0.000 0.000
0.001 0.985 0.003 0.000 0.000 0.964 0.994 1.000 0.997 0.000 0.000 0.000 0.000 0.000 0.000 0.000 0.984 0.996 0.000 0.989 0.837 0.000 0.000 0.000 0.000 0.816 0.966 0.983 0.934 0.944 1.000 0.985 0.000 0.000
0.000 0.119 0.000 0.000 0.858 0.993 1.000 0.991 0.882 0.000 0.000 0.000 0.000 0.000 0.000 0.000 0.000 0.971 0.989 0.000 0.984 0.980 0.008 0.002 0.941 0.964 0.969 0.935 0.000 0.000 0.000 0.073 0.000 0.000
0.000 0.000 0.412 0.923 1.000 0.998 0.907 0.000 0.000 0.000 0.000 0.000 0.000 0.000 0.000 0.000 0.000 0.000 0.837 0.984 0.000 0.999 0.992 0.972 0.955 0.983 0.874 0.108 0.000 0.000 0.000 0.077 0.000 0.000
0.000 0.000 0.000 0.003 0.979 0.939 0.929 0.077 0.336 0.000 0.000 0.000 0.000 0.000 0.000 0.000 0.000 0.000 0.000 0.980 0.999 0.000 0.982 0.930 0.973 0.362 0.000 0.000 0.000 0.000 0.000 0.000 0.000 0.000
0.000 0.000 0.024 0.685 0.944 0.123 0.000 0.000 0.000 0.000 0.000 0.000 0.001 0.000 0.000 0.000 0.000 0.000 0.000 0.008 0.992 0.982 0.000 0.999 0.986 0.093 0.000 0.000 0.000 0.000 0.000 0.000 0.000 0.000
0.000 0.000 0.000 0.019 0.235 0.539 0.000 0.000 0.000 0.000 0.000 0.000 0.000 0.000 0.000 0.000 0.000 0.000 0.000 0.002 0.972 0.930 0.999 0.000 0.987 0.981 0.010 0.000 0.000 0.000 0.000 0.000 0.000 0.000
0.000 0.000 0.000 0.000 0.000 0.000 0.000 0.000 0.000 0.000 0.000 0.000 0.000 0.000 0.000 0.000 0.000 0.000 0.000 0.941 0.955 0.973 0.986 0.987 0.000 0.978 0.787 0.000 0.000 0.000 0.000 0.000 0.013 0.000
0.000 0.000 0.000 0.000 0.000 0.921 0.000 0.000 0.000 0.000 0.000 0.000 0.000 0.000 0.000 0.000 0.000 0.003 0.816 0.964 0.983 0.362 0.093 0.981 0.978 0.000 0.981 0.896 0.000 0.000 0.000 0.000 0.000 0.000
0.000 0.000 0.000 0.000 0.000 0.883 0.000 0.000 0.265 0.000 0.000 0.000 0.000 0.000 0.000 0.000 0.000 0.986 0.966 0.969 0.874 0.000 0.000 0.010 0.787 0.981 0.000 0.998 0.963 0.000 0.000 0.000 0.000 0.000
0.000 0.000 0.000 0.000 0.000 0.953 0.000 0.000 0.000 0.000 0.000 0.000 0.000 0.000 0.000 0.000 0.129 0.976 0.983 0.935 0.108 0.000 0.000 0.000 0.000 0.896 0.998 0.000 0.995 1.000 0.920 0.951 0.006 0.000
0.000 0.000 0.000 0.000 0.000 0.000 0.000 0.000 0.001 0.050 0.987 0.011 0.000 0.009 0.000 0.988 0.986 0.992 0.934 0.000 0.000 0.000 0.000 0.000 0.000 0.000 0.963 0.995 0.000 0.993 0.897 0.012 0.000 0.000
0.000 0.000 0.000 0.000 0.000 0.078 0.000 0.000 0.000 0.000 0.000 0.000 0.000 0.000 0.000 0.028 0.012 0.378 0.944 0.000 0.000 0.000 0.000 0.000 0.000 0.000 0.000 1.000 0.993 0.000 0.993 0.952 0.220 0.000
0.739 0.994 0.276 0.000 0.000 0.016 0.000 0.747 0.000 0.000 0.000 0.000 0.000 0.000 0.000 0.000 0.475 0.000 1.000 0.000 0.000 0.000 0.000 0.000 0.000 0.000 0.000 0.920 0.897 0.993 0.000 1.000 0.922 0.251
0.396 0.993 0.985 0.000 0.000 0.988 0.110 0.115 0.000 0.000 0.000 0.000 0.000 0.000 0.000 0.000 0.000 0.000 0.985 0.073 0.077 0.000 0.000 0.000 0.000 0.000 0.000 0.951 0.012 0.952 1.000 0.000 0.975 0.894
0.394 0.521 0.950 0.003 0.000 0.053 0.000 0.000 0.000 0.000 0.000 0.002 0.008 0.000 0.000 0.000 0.000 0.000 0.000 0.000 0.000 0.000 0.000 0.000 0.013 0.000 0.000 0.006 0.000 0.220 0.922 0.975 0.000 0.999
0.813 0.848 0.989 0.862 0.000 0.022 0.000 0.000 0.000 0.000 0.000 0.005 0.049 0.004 0.000 0.000 0.000 0.000 0.000 0.000 0.000 0.000 0.000 0.000 0.000 0.000 0.000 0.000 0.000 0.000 0.251 0.894 0.999 0.000
