0.000 0.979 0.894 0.003 0.000 0.000 0.000 0.025 0.000 0.000 0.000 0.000 0.000 0.000 0.000 0.000 0.000 0.000 0.002 0.000 0.000 0.000 0.000 0.000 0.000 0.000 0.000 0.000 0.000 0.000 0.832 0.363 0.260 0.872
0.979 0.000 0.993 0.948 0.003 0.979 0.913 0.946 0.000 0.000 0.000 0.000 0.000 0.000 0.000 0.000 0.002 0.000 0.990 0.184 0.000 0.000 0.000 0.000 0.000 0.000 0.000 0.000 0.000 0.000 0.967 0.982 0.401 0.848
0.894 0.993 0.000 0.993 0.896 0.972 0.000 0.000 0.000 0.000 0.000 0.000 0.000 0.016 0.000 0.000 0.000 0.000 0.004 0.000 0.362 0.000 0.000 0.000 0.000 0.000 0.000 0.000 0.000 0.000 0.267 0.998 0.962 0.963
0.003 0.948 0.993 0.000 0.977 0.982 0.000 0.000 0.000 0.000 0.000 0.003 0.006 0.074 0.027 0.000 0.000 0.000 0.000 0.000 0.882 0.001 0.486 0.018 0.000 0.000 0.000 0.000 0.000 0.000 0.000 0.000 0.003 0.817
0.000 0.003 0.896 0.977 0.000 0.984 0.943 0.000 0.000 0.000 0.000 0.000 0.004 0.063 0.000 0.000 0.000 0.000 0.000 0.911 0.970 0.965 0.982 0.269 0.000 0.000 0.000 0.000 0.000 0.000 0.000 0.000 0.000 0.000
0.000 0.979 0.972 0.982 0.984 0.000 0.981 0.893 0.000 0.000 0.000 0.000 0.000 0.015 0.000 0.000 0.000 0.002 0.965 0.973 1.000 0.895 0.160 0.643 0.000 0.978 0.955 0.982 0.000 0.049 0.002 0.991 0.036 0.016
0.000 0.913 0.000 0.000 0.943 0.981 0.000 0.987 1.000 0.000 0.000 0.000 0.000 0.000 0.000 0.000 0.000 0.907 0.965 0.997 0.938 0.974 0.000 0.000 0.001 0.000 0.000 0.000 0.000 0.000 0.000 0.235 0.000 0.000
0.025 0.946 0.000 0.000 0.000 0.893 0.987 0.000 1.000 0.979 0.000 0.000 0.000 0.000 0.000 0.000 0.987 0.975 0.974 0.917 0.000 0.000 0.000 0.000 0.000 0.000 0.000 0.000 0.000 0.000 0.619 0.040 0.000 0.000
0.000 0.000 0.000 0.000 0.000 0.000 1.000 1.000 0.000 0.987 0.927 0.000 0.000 0.000 0.000 0.842 0.959 0.995 0.937 0.994 0.001 0.682 0.000 0.000 0.046 0.000 0.381 0.000 0.000 0.000 0.000 0.000 0.000 0.000
0.000 0.000 0.000 0.000 0.000 0.000 0.000 0.979 0.987 0.000 0.995 0.936 0.357 0.128 0.358 0.940 0.977 0.969 0.000 0.000 0.000 0.000 0.000 0.000 0.000 0.000 0.000 0.000 0.000 0.000 0.000 0.000 0.000 0.000
0.000 0.000 0.000 0.000 0.000 0.000 0.000 0.000 0.927 0.995 0.000 0.995 0.901 0.063 0.159 0.977 0.959 0.952 0.000 0.000 0.000 0.000 0.000 0.000 0.000 0.000 0.000 0.000 0.000 0.000 0.000 0.000 0.000 0.000
0.000 0.000 0.000 0.003 0.000 0.000 0.000 0.000 0.000 0.936 0.995 0.000 0.972 0.889 0.129 0.911 0.002 0.349 0.000 0.000 0.000 0.000 0.073 0.015 0.000 0.000 0.000 0.000 0.000 0.000 0.000 0.000 0.000 0.000
0.000 0.000 0.000 0.006 0.004 0.000 0.000 0.000 0.000 0.357 0.901 0.972 0.000 0.995 0.975 0.937 0.033 0.012 0.000 0.000 0.003 0.000 0.089 0.037 0.002 0.000 0.000 0.000 0.000 0.000 0.000 0.000 0.000 0.000
0.000 0.000 0.016 0.074 0.063 0.015 0.000 0.000 0.000 0.128 0.063 0.889 0.995 0.000 0.998 0.943 0.079 0.034 0.011 0.000 0.049 0.026 0.104 0.038 0.014 0.000 0.023 0.019 0.042 0.000 0.000 0.000 0.002 0.001
0.000 0.000 0.000 0.027 0.000 0.000 0.000 0.000 0.000 0.358 0.159 0.129 0.975 0.998 0.000 0.990 0.928 0.050 0.000 0.000 0.000 0.000 0.036 0.001 0.001 0.000 0.000 0.000 0.035 0.000 0.000 0.000 0.000 0.000
0.000 0.000 0.000 0.000 0.000 0.000 0.000 0.000 0.842 0.940 0.977 0.911 0.937 0.943 0.990 0.000 0.999 0.918 0.000 0.000 0.000 0.000 0.011 0.000 0.000 0.000 0.000 0.000 0.006 0.000 0.000 0.000 0.000 0.000
0.000 0.002 0.000 0.000 0.000 0.000 0.000 0.987 0.959 0.977 0.959 0.002 0.033 0.079 0.928 0.999 0.000 0.992 0.986 0.000 0.000 0.000 0.000 0.000 0.000 0.000 0.000 0.031 0.937 0.024 0.209 0.000 0.000 0.000
0.000 0.000 0.000 0.000 0.000 0.002 0.907 0.975 0.995 0.969 0.952 0.349 0.012 0.034 0.050 0.918 0.992 0.000 0.998 0.976 0.000 0.000 0.000 0.000 0.000 0.002 0.986 0.964 0.968 0.371 0.000 0.000 0.000 0.000
0.002 0.990 0.004 0.000 0.000 0.965 0.965 0.974 0.937 0.000 0.000 0.000 0.000 0.011 0.000 0.000 0.986 0.998 0.000 0.993 0.904 0.000 0.000 0.000 0.000 0.868 0.984 0.991 0.987 0.933 0.981 0.968 0.000 0.000
0.000 0.184 0.000 0.000 0.911 0.973 0.997 0.917 0.994 0.000 0.000 0.000 0.000 0.000 0.000 0.000 0.000 0.976 0.993 0.000 0.996 0.988 0.040 0.000 0.991 0.949 0.996 0.932 0.000 0.000 0.000 0.180 0.000 0.000
0.000 0.000 0.362 0.882 0.970 1.000 0.938 0.000 0.001 0.000 0.000 0.000 0.003 0.049 0.000 0.000 0.000 0.000 0.904 0.996 0.000 0.966 0.986 0.992 0.995 0.999 0.969 0.091 0.000 0.000 0.000 0.049 0.000 0.000
0.000 0.000 0.000 0.001 0.965 0.895 0.974 0.000 0.682 0.000 0.000 0.000 0.000 0.026 0.000 0.000 0.000 0.000 0.000 0.988 0.966 0.000 0.986 0.859 0.982 0.277 0.000 0.000 0.000 0.000 0.000 0.000 0.000 0.000
0.000 0.000 0.000 0.486 0.982 0.160 0.000 0.000 0.000 0.000 0.000 0.073 0.089 0.104 0.036 0.011 0.000 0.000 0.000 0.040 0.986 0.986 0.000 0.993 0.997 0.165 0.000 0.000 0.000 0.000 0.000 0.000 0.000 0.000
0.000 0.000 0.000 0.018 0.269 0.643 0.000 0.000 0.000 0.000 0.000 0.015 0.037 0.038 0.001 0.000 0.000 0.000 0.000 0.000 0.992 0.859 0.993 0.000 0.981 0.990 0.002 0.000 0.000 0.000 0.000 0.000 0.000 0.000
0.000 0.000 0.000 0.000 0.000 0.000 0.001 0.000 0.046 0.000 0.000 0.000 0.002 0.014 0.001 0.000 0.000 0.000 0.000 0.991 0.995 0.982 0.997 0.981 0.000 0.993 0.964 0.000 0.000 0.000 0.000 0.000 0.013 0.001
0.000 0.000 0.000 0.000 0.000 0.978 0.000 0.000 0.000 0.000 0.000 0.000 0.000 0.000 0.000 0.000 0.000 0.002 0.868 0.949 0.999 0.277 0.165 0.990 0.993 0.000 0.987 0.953 0.000 0.000 0.000 0.001 0.000 0.000
0.000 0.000 0.000 0.000 0.000 0.955 0.000 0.000 0.381 0.000 0.000 0.000 0.000 0.023 0.000 0.000 0.000 0.986 0.984 0.996 0.969 0.000 0.000 0.002 0.964 0.987 0.000 0.989 0.938 0.000 0.000 0.000 0.000 0.000
0.000 0.000 0.000 0.000 0.000 0.982 0.000 0.000 0.000 0.000 0.000 0.000 0.000 0.019 0.000 0.000 0.031 0.964 0.991 0.932 0.091 0.000 0.000 0.000 0.000 0.953 0.989 0.000 0.988 0.988 0.750 0.973 0.017 0.000
0.000 0.000 0.000 0.000 0.000 0.000 0.000 0.000 0.000 0.000 0.000 0.000 0.000 0.042 0.035 0.006 0.937 0.968 0.987 0.000 0.000 0.000 0.000 0.000 0.000 0.000 0.938 0.988 0.000 0.988 0.904 0.014 0.000 0.000
0.000 0.000 0.000 0.000 0.000 0.049 0.000 0.000 0.000 0.000 0.000 0.000 0.000 0.000 0.000 0.000 0.024 0.371 0.933 0.000 0.000 0.000 0.000 0.000 0.000 0.000 0.000 0.988 0.988 0.000 0.999 0.980 0.530 0.000
0.832 0.967 0.267 0.000 0.000 0.002 0.000 0.619 0.000 0.000 0.000 0.000 0.000 0.000 0.000 0.000 0.209 0.000 0.981 0.000 0.000 0.000 0.000 0.000 0.000 0.000 0.000 0.750 0.904 0.999 0.000 0.998 0.978 0.344
0.363 0.982 0.998 0.000 0.000 0.991 0.235 0.040 0.000 0.000 0.000 0.000 0.000 0.000 0.000 0.000 0.000 0.000 0.968 0.180 0.049 0.000 0.000 0.000 0.000 0.001 0.000 0.973 0.014 0.980 0.998 0.000 0.991 0.908
0.260 0.401 0.962 0.003 0.000 0.036 0.000 0.000 0.000 0.000 0.000 0.000 0.000 0.002 0.000 0.000 0.000 0.000 0.000 0.000 0.000 0.000 0.000 0.000 0.013 0.000 0.000 0.017 0.000 0.530 0.978 0.991 0.000 0.997
0.872 0.848 0.963 0.817 0.000 0.016 0.000 0.000 0.000 0.000 0.000 0.000 0.000 0.001 0.000 0.000 0.000 0.000 0.000 0.000 0.000 0.000 0.000 0.000 0.001 0.000 0.000 0.000 0.000 0.000 0.344 0.908 0.997 0.000
