0.000 0.992 0.937 0.026 0.000 0.000 0.003 0.000 0.000 0.000 0.001 0.004 0.006 0.002 0.000 0.000 0.000 0.000 0.000 0.000 0.001 0.000 0.000 0.000 0.000 0.000 0.000 0.006 0.003 0.000 0.000 0.007 0.022
0.992 0.000 0.997 0.944 0.014 0.094 0.103 0.098 0.105 0.000 0.000 0.004 0.007 0.000 0.000 0.018 0.000 0.002 0.010 0.012 0.239 0.116 0.000 0.022 0.000 0.000 0.000 0.000 0.000 0.030 0.012 0.009 0.081
0.937 0.997 0.000 0.986 0.810 0.240 0.100 0.417 0.007 0.000 0.000 0.000 0.000 0.000 0.000 0.000 0.000 0.000 0.051 0.005 0.358 0.011 0.000 0.007 0.000 0.001 0.000 0.000 0.000 0.001 0.025 0.009 0.051
0.026 0.944 0.986 0.000 0.958 0.790 0.089 0.701 0.015 0.000 0.000 0.000 0.000 0.000 0.000 0.000 0.000 0.000 0.228 0.006 0.342 0.000 0.000 0.002 0.000 0.001 0.000 0.000 0.000 0.003 0.019 0.000 0.020
0.000 0.014 0.810 0.958 0.000 0.939 0.879 0.883 0.001 0.000 0.000 0.000 0.000 0.000 0.000 0.000 0.174 0.333 0.359 0.244 0.315 0.000 0.000 0.000 0.000 0.001 0.015 0.000 0.000 0.091 0.173 0.000 0.025
0.000 0.094 0.240 0.790 0.939 0.000 0.997 0.979 0.001 0.001 0.000 0.000 0.000 0.000 0.000 0.051 0.978 0.973 0.975 0.081 0.285 0.000 0.000 0.006 0.007 0.480 0.157 0.104 0.009 0.303 0.320 0.071 0.174
0.003 0.103 0.100 0.089 0.879 0.997 0.000 0.989 0.954 0.000 0.000 0.000 0.000 0.000 0.002 0.982 0.950 0.972 0.597 0.000 0.001 0.000 0.000 0.000 0.000 0.000 0.000 0.000 0.000 0.229 0.041 0.000 0.000
0.000 0.098 0.417 0.701 0.883 0.979 0.989 0.000 0.996 0.863 0.014 0.000 0.000 0.000 0.828 0.965 0.979 0.806 0.386 0.000 0.172 0.000 0.000 0.001 0.014 0.443 0.177 0.107 0.000 0.000 0.000 0.000 0.000
0.000 0.105 0.007 0.015 0.001 0.001 0.954 0.996 0.000 0.979 0.839 0.085 0.182 0.901 0.933 0.904 0.861 0.000 0.000 0.000 0.000 0.000 0.000 0.000 0.000 0.080 0.000 0.212 0.000 0.000 0.000 0.000 0.000
0.000 0.000 0.000 0.000 0.000 0.001 0.000 0.863 0.979 0.000 0.951 0.873 0.875 0.868 0.957 0.826 0.819 0.000 0.000 0.000 0.000 0.000 0.000 0.000 0.000 0.117 0.000 0.494 0.000 0.000 0.000 0.000 0.000
0.001 0.000 0.000 0.000 0.000 0.000 0.000 0.014 0.839 0.951 0.000 0.973 0.917 0.766 0.123 0.001 0.081 0.000 0.000 0.000 0.000 0.000 0.000 0.000 0.000 0.061 0.000 0.247 0.000 0.000 0.000 0.000 0.000
0.004 0.004 0.000 0.000 0.000 0.000 0.000 0.000 0.085 0.873 0.973 0.000 0.972 0.850 0.088 0.000 0.000 0.000 0.000 0.000 0.000 0.000 0.000 0.000 0.000 0.001 0.000 0.041 0.000 0.000 0.000 0.000 0.000
0.006 0.007 0.000 0.000 0.000 0.000 0.000 0.000 0.182 0.875 0.917 0.972 0.000 0.971 0.966 0.013 0.049 0.000 0.000 0.000 0.000 0.000 0.000 0.003 0.000 0.001 0.000 0.391 0.000 0.000 0.000 0.000 0.000
0.002 0.000 0.000 0.000 0.000 0.000 0.000 0.000 0.901 0.868 0.766 0.850 0.971 0.000 0.964 0.849 0.002 0.000 0.000 0.000 0.000 0.000 0.000 0.000 0.000 0.000 0.000 0.025 0.000 0.000 0.000 0.000 0.000
0.000 0.000 0.000 0.000 0.000 0.000 0.002 0.828 0.933 0.957 0.123 0.088 0.966 0.964 0.000 0.984 0.904 0.004 0.000 0.000 0.000 0.000 0.000 0.000 0.000 0.002 0.000 0.592 0.009 0.000 0.000 0.000 0.000
0.000 0.018 0.000 0.000 0.000 0.051 0.982 0.965 0.904 0.826 0.001 0.000 0.013 0.849 0.984 0.000 0.997 0.983 0.000 0.000 0.000 0.000 0.000 0.000 0.000 0.000 0.458 0.854 0.202 0.204 0.000 0.002 0.000
0.000 0.000 0.000 0.000 0.174 0.978 0.950 0.979 0.861 0.819 0.081 0.000 0.049 0.002 0.904 0.997 0.000 0.990 0.903 0.000 0.000 0.000 0.000 0.000 0.000 0.948 0.945 0.966 0.242 0.000 0.000 0.000 0.000
0.000 0.002 0.000 0.000 0.333 0.973 0.972 0.806 0.000 0.000 0.000 0.000 0.000 0.000 0.004 0.983 0.990 0.000 0.996 0.923 0.000 0.000 0.000 0.000 0.854 0.927 0.972 0.912 0.978 0.997 0.869 0.037 0.010
0.000 0.010 0.051 0.228 0.359 0.975 0.597 0.386 0.000 0.000 0.000 0.000 0.000 0.000 0.000 0.000 0.903 0.996 0.000 1.000 0.997 0.002 0.009 0.998 0.970 0.954 0.925 0.000 0.033 0.119 0.507 0.000 0.002
0.000 0.012 0.005 0.006 0.244 0.081 0.000 0.000 0.000 0.000 0.000 0.000 0.000 0.000 0.000 0.000 0.000 0.923 1.000 0.000 0.963 0.987 0.990 0.965 0.925 0.854 0.778 0.000 0.042 0.017 0.494 0.106 0.033
0.001 0.239 0.358 0.342 0.315 0.285 0.001 0.172 0.000 0.000 0.000 0.000 0.000 0.000 0.000 0.000 0.000 0.000 0.997 0.963 0.000 0.998 0.913 0.969 0.700 0.000 0.000 0.000 0.000 0.000 0.157 0.005 0.021
0.000 0.116 0.011 0.000 0.000 0.000 0.000 0.000 0.000 0.000 0.000 0.000 0.000 0.000 0.000 0.000 0.000 0.000 0.002 0.987 0.998 0.000 0.988 0.987 0.052 0.000 0.000 0.000 0.000 0.000 0.049 0.039 0.057
0.000 0.000 0.000 0.000 0.000 0.000 0.000 0.000 0.000 0.000 0.000 0.000 0.000 0.000 0.000 0.000 0.000 0.000 0.009 0.990 0.913 0.988 0.000 0.996 0.999 0.050 0.516 0.000 0.000 0.000 0.006 0.009 0.004
0.000 0.022 0.007 0.002 0.000 0.006 0.000 0.001 0.000 0.000 0.000 0.000 0.003 0.000 0.000 0.000 0.000 0.000 0.998 0.965 0.969 0.987 0.996 0.000 0.981 0.870 0.000 0.000 0.000 0.000 0.000 0.000 0.001
0.000 0.000 0.000 0.000 0.000 0.007 0.000 0.014 0.000 0.000 0.000 0.000 0.000 0.000 0.000 0.000 0.000 0.854 0.970 0.925 0.700 0.052 0.999 0.981 0.000 0.997 0.980 0.022 0.000 0.000 0.005 0.001 0.000
0.000 0.000 0.001 0.001 0.001 0.480 0.000 0.443 0.080 0.117 0.061 0.001 0.001 0.000 0.002 0.000 0.948 0.927 0.954 0.854 0.000 0.000 0.050 0.870 0.997 0.000 0.999 0.991 0.000 0.000 0.000 0.000 0.000
0.000 0.000 0.000 0.000 0.015 0.157 0.000 0.177 0.000 0.000 0.000 0.000 0.000 0.000 0.000 0.458 0.945 0.972 0.925 0.778 0.000 0.000 0.516 0.000 0.980 0.999 0.000 0.998 0.987 0.398 0.627 0.007 0.000
0.006 0.000 0.000 0.000 0.000 0.104 0.000 0.107 0.212 0.494 0.247 0.041 0.391 0.025 0.592 0.854 0.966 0.912 0.000 0.000 0.000 0.000 0.000 0.000 0.022 0.991 0.998 0.000 0.993 0.846 0.002 0.001 0.000
0.003 0.000 0.000 0.000 0.000 0.009 0.000 0.000 0.000 0.000 0.000 0.000 0.000 0.000 0.009 0.202 0.242 0.978 0.033 0.042 0.000 0.000 0.000 0.000 0.000 0.000 0.987 0.993 0.000 0.981 0.937 0.419 0.000
0.000 0.030 0.001 0.003 0.091 0.303 0.229 0.000 0.000 0.000 0.000 0.000 0.000 0.000 0.000 0.204 0.000 0.997 0.119 0.017 0.000 0.000 0.000 0.000 0.000 0.000 0.398 0.846 0.981 0.000 1.000 0.995 0.380
0.000 0.012 0.025 0.019 0.173 0.320 0.041 0.000 0.000 0.000 0.000 0.000 0.000 0.000 0.000 0.000 0.000 0.869 0.507 0.494 0.157 0.049 0.006 0.000 0.005 0.000 0.627 0.002 0.937 1.000 0.000 1.000 0.928
0.007 0.009 0.009 0.000 0.000 0.071 0.000 0.000 0.000 0.000 0.000 0.000 0.000 0.000 0.000 0.002 0.000 0.037 0.000 0.106 0.005 0.039 0.009 0.000 0.001 0.000 0.007 0.001 0.419 0.995 1.000 0.000 0.984
0.022 0.081 0.051 0.020 0.025 0.174 0.000 0.000 0.000 0.000 0.000 0.000 0.000 0.000 0.000 0.000 0.000 0.010 0.002 0.033 0.021 0.057 0.004 0.001 0.000 0.000 0.000 0.000 0.000 0.380 0.928 0.984 0.000
