0.000 0.999 0.959 0.010 0.000 0.005 0.010 0.060 0.000 0.000 0.000 0.000 0.001 0.000 0.000 0.000 0.000 0.000 0.001 0.000 0.002 0.000 0.000 0.000 0.000 0.000 0.000 0.000 0.002 0.011 0.001 0.002 0.074
0.999 0.000 0.998 0.917 0.007 0.967 0.764 0.303 0.038 0.000 0.000 0.000 0.000 0.000 0.000 0.001 0.002 0.123 0.035 0.000 0.006 0.000 0.000 0.000 0.000 0.000 0.000 0.000 0.000 0.109 0.107 0.007 0.134
0.959 0.998 0.000 0.987 0.972 0.999 0.079 0.156 0.000 0.000 0.000 0.000 0.000 0.000 0.000 0.000 0.000 0.016 0.073 0.035 0.137 0.011 0.000 0.000 0.000 0.000 0.000 0.000 0.000 0.039 0.078 0.029 0.237
0.010 0.917 0.987 0.000 0.996 0.968 0.000 0.191 0.000 0.000 0.000 0.000 0.000 0.000 0.000 0.000 0.000 0.014 0.394 0.116 0.581 0.066 0.000 0.000 0.000 0.000 0.000 0.000 0.000 0.139 0.150 0.028 0.305
0.000 0.007 0.972 0.996 0.000 0.988 0.952 0.541 0.001 0.000 0.000 0.000 0.000 0.000 0.000 0.000 0.222 0.665 0.840 0.397 0.411 0.122 0.000 0.000 0.000 0.011 0.002 0.000 0.000 0.308 0.399 0.022 0.220
0.005 0.967 0.999 0.968 0.988 0.000 1.000 0.996 0.047 0.000 0.000 0.000 0.000 0.000 0.000 0.001 0.593 0.924 0.892 0.274 0.253 0.152 0.037 0.000 0.006 0.004 0.103 0.000 0.008 0.527 0.573 0.169 0.269
0.010 0.764 0.079 0.000 0.952 1.000 0.000 0.994 0.999 0.000 0.000 0.000 0.000 0.000 0.002 1.000 0.975 0.986 0.395 0.139 0.020 0.000 0.000 0.000 0.000 0.000 0.000 0.000 0.000 0.458 0.103 0.000 0.000
0.060 0.303 0.156 0.191 0.541 0.996 0.994 0.000 1.000 0.992 0.007 0.000 0.000 0.001 0.989 0.977 1.000 0.980 0.881 0.004 0.163 0.000 0.000 0.030 0.000 0.504 0.006 0.023 0.000 0.000 0.000 0.000 0.000
0.000 0.038 0.000 0.000 0.001 0.047 0.999 1.000 0.000 1.000 0.984 0.105 0.229 0.996 0.998 0.993 0.999 0.000 0.000 0.000 0.000 0.000 0.000 0.000 0.000 0.000 0.000 0.144 0.000 0.000 0.000 0.000 0.000
0.000 0.000 0.000 0.000 0.000 0.000 0.000 0.992 1.000 0.000 0.999 0.951 0.976 0.995 0.984 0.956 0.998 0.000 0.000 0.000 0.000 0.000 0.000 0.000 0.000 0.000 0.000 0.599 0.000 0.000 0.000 0.000 0.000
0.000 0.000 0.000 0.000 0.000 0.000 0.000 0.007 0.984 0.999 0.000 0.995 0.995 0.982 0.112 0.000 0.842 0.000 0.000 0.000 0.000 0.000 0.000 0.000 0.000 0.000 0.000 0.163 0.000 0.000 0.000 0.000 0.000
0.000 0.000 0.000 0.000 0.000 0.000 0.000 0.000 0.105 0.951 0.995 0.000 0.999 0.976 0.053 0.000 0.000 0.000 0.000 0.000 0.000 0.013 0.000 0.001 0.000 0.000 0.000 0.025 0.000 0.000 0.000 0.011 0.004
0.001 0.000 0.000 0.000 0.000 0.000 0.000 0.000 0.229 0.976 0.995 0.999 0.000 0.999 0.988 0.004 0.053 0.000 0.000 0.000 0.000 0.000 0.000 0.000 0.000 0.000 0.000 0.546 0.000 0.000 0.000 0.002 0.000
0.000 0.000 0.000 0.000 0.000 0.000 0.000 0.001 0.996 0.995 0.982 0.976 0.999 0.000 0.999 0.982 0.000 0.000 0.000 0.000 0.000 0.000 0.000 0.000 0.000 0.000 0.000 0.019 0.000 0.000 0.000 0.002 0.000
0.000 0.000 0.000 0.000 0.000 0.000 0.002 0.989 0.998 0.984 0.112 0.053 0.988 0.999 0.000 0.999 0.998 0.000 0.000 0.000 0.000 0.000 0.000 0.000 0.000 0.000 0.000 0.819 0.000 0.000 0.000 0.000 0.000
0.000 0.001 0.000 0.000 0.000 0.001 1.000 0.977 0.993 0.956 0.000 0.000 0.004 0.982 0.999 0.000 0.990 1.000 0.005 0.000 0.000 0.000 0.000 0.000 0.000 0.000 0.252 0.983 0.111 0.137 0.000 0.000 0.000
0.000 0.002 0.000 0.000 0.222 0.593 0.975 1.000 0.999 0.998 0.842 0.000 0.053 0.000 0.998 0.990 0.000 1.000 0.984 0.000 0.000 0.000 0.000 0.000 0.006 0.996 0.973 0.996 0.475 0.000 0.000 0.000 0.000
0.000 0.123 0.016 0.014 0.665 0.924 0.986 0.980 0.000 0.000 0.000 0.000 0.000 0.000 0.000 1.000 1.000 0.000 0.998 0.952 0.000 0.000 0.001 0.000 0.933 0.999 0.997 0.998 0.982 0.999 0.979 0.001 0.010
0.001 0.035 0.073 0.394 0.840 0.892 0.395 0.881 0.000 0.000 0.000 0.000 0.000 0.000 0.000 0.005 0.984 0.998 0.000 0.993 0.992 0.020 0.014 0.985 0.990 1.000 0.988 0.001 0.004 0.019 0.629 0.000 0.026
0.000 0.000 0.035 0.116 0.397 0.274 0.139 0.004 0.000 0.000 0.000 0.000 0.000 0.000 0.000 0.000 0.000 0.952 0.993 0.000 0.998 0.981 0.995 0.989 1.000 0.977 0.760 0.000 0.133 0.024 0.684 0.191 0.091
0.002 0.006 0.137 0.581 0.411 0.253 0.020 0.163 0.000 0.000 0.000 0.000 0.000 0.000 0.000 0.000 0.000 0.000 0.992 0.998 0.000 0.991 0.987 1.000 0.707 0.000 0.000 0.000 0.000 0.000 0.275 0.017 0.118
0.000 0.000 0.011 0.066 0.122 0.152 0.000 0.000 0.000 0.000 0.000 0.013 0.000 0.000 0.000 0.000 0.000 0.000 0.020 0.981 0.991 0.000 0.999 0.995 0.078 0.000 0.000 0.000 0.000 0.000 0.071 0.089 0.107
0.000 0.000 0.000 0.000 0.000 0.037 0.000 0.000 0.000 0.000 0.000 0.000 0.000 0.000 0.000 0.000 0.000 0.001 0.014 0.995 0.987 0.999 0.000 0.995 0.993 0.053 0.099 0.000 0.000 0.000 0.006 0.000 0.002
0.000 0.000 0.000 0.000 0.000 0.000 0.000 0.030 0.000 0.000 0.000 0.001 0.000 0.000 0.000 0.000 0.000 0.000 0.985 0.989 1.000 0.995 0.995 0.000 0.996 0.935 0.000 0.000 0.000 0.000 0.000 0.000 0.000
0.000 0.000 0.000 0.000 0.000 0.006 0.000 0.000 0.000 0.000 0.000 0.000 0.000 0.000 0.000 0.000 0.006 0.933 0.990 1.000 0.707 0.078 0.993 0.996 0.000 0.990 0.991 0.001 0.000 0.000 0.004 0.000 0.000
0.000 0.000 0.000 0.000 0.011 0.004 0.000 0.504 0.000 0.000 0.000 0.000 0.000 0.000 0.000 0.000 0.996 0.999 1.000 0.977 0.000 0.000 0.053 0.935 0.990 0.000 0.999 0.987 0.000 0.000 0.000 0.000 0.000
0.000 0.000 0.000 0.000 0.002 0.103 0.000 0.006 0.000 0.000 0.000 0.000 0.000 0.000 0.000 0.252 0.973 0.997 0.988 0.760 0.000 0.000 0.099 0.000 0.991 0.999 0.000 1.000 0.981 0.802 0.913 0.023 0.000
0.000 0.000 0.000 0.000 0.000 0.000 0.000 0.023 0.144 0.599 0.163 0.025 0.546 0.019 0.819 0.983 0.996 0.998 0.001 0.000 0.000 0.000 0.000 0.000 0.001 0.987 1.000 0.000 0.995 0.965 0.002 0.000 0.000
0.002 0.000 0.000 0.000 0.000 0.008 0.000 0.000 0.000 0.000 0.000 0.000 0.000 0.000 0.000 0.111 0.475 0.982 0.004 0.133 0.000 0.000 0.000 0.000 0.000 0.000 0.981 0.995 0.000 1.000 0.999 0.408 0.001
0.011 0.109 0.039 0.139 0.308 0.527 0.458 0.000 0.000 0.000 0.000 0.000 0.000 0.000 0.000 0.137 0.000 0.999 0.019 0.024 0.000 0.000 0.000 0.000 0.000 0.000 0.802 0.965 1.000 0.000 0.999 0.981 0.353
0.001 0.107 0.078 0.150 0.399 0.573 0.103 0.000 0.000 0.000 0.000 0.000 0.000 0.000 0.000 0.000 0.000 0.979 0.629 0.684 0.275 0.071 0.006 0.000 0.004 0.000 0.913 0.002 0.999 0.999 0.000 0.987 0.984
0.002 0.007 0.029 0.028 0.022 0.169 0.000 0.000 0.000 0.000 0.000 0.011 0.002 0.002 0.000 0.000 0.000 0.001 0.000 0.191 0.017 0.089 0.000 0.000 0.000 0.000 0.023 0.000 0.408 0.981 0.987 0.000 0.999
0.074 0.134 0.237 0.305 0.220 0.269 0.000 0.000 0.000 0.000 0.000 0.004 0.000 0.000 0.000 0.000 0.000 0.010 0.026 0.091 0.118 0.107 0.002 0.000 0.000 0.000 0.000 0.000 0.001 0.353 0.984 0.999 0.000
