0.000 1.000 0.988 0.008 0.000 0.000 0.000 0.091 0.000 0.000 0.000 0.000 0.000 0.000 0.000 0.000 0.000 0.000 0.007 0.000 0.000 0.000 0.000 0.000 0.000 0.000 0.000 0.000 0.000 0.000 0.707 0.320 0.278 0.589
1.000 0.000 0.999 0.990 0.005 0.994 0.968 0.944 0.000 0.000 0.000 0.000 0.000 0.000 0.000 0.000 0.003 0.001 0.969 0.173 0.000 0.000 0.000 0.000 0.000 0.000 0.000 0.000 0.000 0.000 0.979 0.993 0.428 0.640
0.988 0.999 0.000 1.000 0.986 0.999 0.001 0.001 0.000 0.000 0.000 0.000 0.190 0.241 0.001 0.000 0.000 0.000 0.006 0.000 0.253 0.000 0.000 0.000 0.000 0.000 0.000 0.000 0.000 0.000 0.451 0.981 0.996 0.995
0.008 0.990 1.000 0.000 0.999 0.993 0.000 0.000 0.000 0.000 0.100 0.272 0.430 0.440 0.399 0.041 0.000 0.000 0.000 0.000 0.816 0.003 0.004 0.000 0.000 0.000 0.000 0.000 0.000 0.000 0.000 0.000 0.004 0.926
0.000 0.005 0.986 0.999 0.000 1.000 0.913 0.000 0.000 0.000 0.000 0.003 0.157 0.019 0.000 0.000 0.000 0.000 0.000 0.906 0.976 0.940 0.872 0.091 0.000 0.000 0.000 0.000 0.000 0.000 0.000 0.000 0.000 0.001
0.000 0.994 0.999 0.993 1.000 0.000 0.988 0.877 0.000 0.000 0.000 0.000 0.035 0.008 0.000 0.000 0.000 0.003 0.951 0.997 1.000 0.890 0.055 0.565 0.000 0.959 0.903 0.985 0.000 0.034 0.005 1.000 0.104 0.104
0.000 0.968 0.001 0.000 0.913 0.988 0.000 0.992 0.991 0.000 0.000 0.000 0.000 0.000 0.000 0.000 0.000 0.903 1.000 0.988 0.955 0.886 0.000 0.000 0.009 0.000 0.000 0.000 0.000 0.000 0.000 0.198 0.000 0.000
0.091 0.944 0.001 0.000 0.000 0.877 0.992 0.000 0.995 0.883 0.000 0.000 0.000 0.000 0.000 0.000 0.977 0.963 1.000 0.878 0.000 0.000 0.000 0.000 0.000 0.000 0.000 0.000 0.000 0.000 0.486 0.082 0.000 0.000
0.000 0.000 0.000 0.000 0.000 0.000 0.991 0.995 0.000 0.981 0.902 0.000 0.000 0.000 0.000 0.912 0.994 1.000 0.986 1.000 0.001 0.638 0.000 0.000 0.072 0.000 0.448 0.000 0.000 0.000 0.000 0.000 0.000 0.000
0.000 0.000 0.000 0.000 0.000 0.000 0.000 0.883 0.981 0.000 0.996 0.929 0.050 0.178 0.970 0.992 1.000 0.999 0.000 0.000 0.000 0.000 0.000 0.000 0.000 0.000 0.000 0.000 0.074 0.000 0.000 0.000 0.000 0.003
0.000 0.000 0.000 0.100 0.000 0.000 0.000 0.000 0.902 0.996 0.000 0.988 0.931 0.946 0.966 0.981 0.952 0.989 0.000 0.000 0.000 0.000 0.000 0.000 0.000 0.000 0.000 0.000 0.592 0.000 0.000 0.000 0.000 0.002
0.000 0.000 0.000 0.272 0.003 0.000 0.000 0.000 0.000 0.929 0.988 0.000 0.988 0.972 0.902 0.148 0.000 0.736 0.000 0.000 0.000 0.000 0.000 0.000 0.000 0.000 0.000 0.000 0.092 0.000 0.000 0.000 0.000 0.003
0.000 0.000 0.190 0.430 0.157 0.035 0.000 0.000 0.000 0.050 0.931 0.988 0.000 0.982 0.897 0.053 0.000 0.000 0.000 0.000 0.082 0.003 0.027 0.011 0.000 0.000 0.000 0.000 0.032 0.000 0.000 0.000 0.008 0.237
0.000 0.000 0.241 0.440 0.019 0.008 0.000 0.000 0.000 0.178 0.946 0.972 0.982 0.000 0.998 0.979 0.017 0.101 0.000 0.000 0.002 0.000 0.001 0.000 0.000 0.000 0.000 0.000 0.509 0.000 0.000 0.000 0.007 0.376
0.000 0.000 0.001 0.399 0.000 0.000 0.000 0.000 0.000 0.970 0.966 0.902 0.897 0.998 0.000 0.999 0.978 0.000 0.000 0.000 0.000 0.000 0.000 0.000 0.001 0.000 0.000 0.000 0.014 0.000 0.000 0.000 0.000 0.192
0.000 0.000 0.000 0.041 0.000 0.000 0.000 0.000 0.912 0.992 0.981 0.148 0.053 0.979 0.999 0.000 0.993 0.977 0.000 0.000 0.000 0.000 0.000 0.000 0.001 0.000 0.000 0.000 0.655 0.000 0.000 0.000 0.000 0.129
0.000 0.003 0.000 0.000 0.000 0.000 0.000 0.977 0.994 1.000 0.952 0.000 0.000 0.017 0.978 0.993 0.000 0.994 0.942 0.000 0.000 0.000 0.000 0.000 0.001 0.000 0.000 0.025 0.899 0.013 0.298 0.000 0.000 0.000
0.000 0.001 0.000 0.000 0.000 0.003 0.903 0.963 1.000 0.999 0.989 0.736 0.000 0.101 0.000 0.977 0.994 0.000 0.986 0.969 0.000 0.000 0.000 0.000 0.000 0.006 0.983 0.980 0.972 0.251 0.000 0.000 0.000 0.000
0.007 0.969 0.006 0.000 0.000 0.951 1.000 1.000 0.986 0.000 0.000 0.000 0.000 0.000 0.000 0.000 0.942 0.986 0.000 1.000 0.907 0.000 0.000 0.000 0.000 0.919 0.983 1.000 0.965 1.000 1.000 0.966 0.000 0.000
0.000 0.173 0.000 0.000 0.906 0.997 0.988 0.878 1.000 0.000 0.000 0.000 0.000 0.000 0.000 0.000 0.000 0.969 1.000 0.000 0.997 0.977 0.050 0.004 0.977 0.996 1.000 0.998 0.000 0.000 0.000 0.192 0.000 0.000
0.000 0.000 0.253 0.816 0.976 1.000 0.955 0.000 0.001 0.000 0.000 0.000 0.082 0.002 0.000 0.000 0.000 0.000 0.907 0.997 0.000 0.996 0.974 0.990 0.960 0.996 0.928 0.130 0.000 0.000 0.000 0.048 0.000 0.004
0.000 0.000 0.000 0.003 0.940 0.890 0.886 0.000 0.638 0.000 0.000 0.000 0.003 0.000 0.000 0.000 0.000 0.000 0.000 0.977 0.996 0.000 0.992 0.987 0.987 0.476 0.000 0.000 0.000 0.000 0.000 0.000 0.000 0.000
0.000 0.000 0.000 0.004 0.872 0.055 0.000 0.000 0.000 0.000 0.000 0.000 0.027 0.001 0.000 0.000 0.000 0.000 0.000 0.050 0.974 0.992 0.000 0.997 0.978 0.127 0.000 0.000 0.000 0.000 0.000 0.000 0.000 0.000
0.000 0.000 0.000 0.000 0.091 0.565 0.000 0.000 0.000 0.000 0.000 0.000 0.011 0.000 0.000 0.000 0.000 0.000 0.000 0.004 0.990 0.987 0.997 0.000 0.994 0.986 0.005 0.010 0.000 0.000 0.000 0.000 0.000 0.000
0.000 0.000 0.000 0.000 0.000 0.000 0.009 0.000 0.072 0.000 0.000 0.000 0.000 0.000 0.001 0.001 0.001 0.000 0.000 0.977 0.960 0.987 0.978 0.994 0.000 0.983 0.927 0.000 0.000 0.000 0.000 0.000 0.002 0.000
0.000 0.000 0.000 0.000 0.000 0.959 0.000 0.000 0.000 0.000 0.000 0.000 0.000 0.000 0.000 0.000 0.000 0.006 0.919 0.996 0.996 0.476 0.127 0.986 0.983 0.000 0.970 0.961 0.001 0.000 0.000 0.001 0.000 0.000
0.000 0.000 0.000 0.000 0.000 0.903 0.000 0.000 0.448 0.000 0.000 0.000 0.000 0.000 0.000 0.000 0.000 0.983 0.983 1.000 0.928 0.000 0.000 0.005 0.927 0.970 0.000 0.997 0.978 0.000 0.000 0.000 0.000 0.000
0.000 0.000 0.000 0.000 0.000 0.985 0.000 0.000 0.000 0.000 0.000 0.000 0.000 0.000 0.000 0.000 0.025 0.980 1.000 0.998 0.130 0.000 0.000 0.010 0.000 0.961 0.997 0.000 0.985 0.994 0.775 0.954 0.029 0.000
0.000 0.000 0.000 0.000 0.000 0.000 0.000 0.000 0.000 0.074 0.592 0.092 0.032 0.509 0.014 0.655 0.899 0.972 0.965 0.000 0.000 0.000 0.000 0.000 0.000 0.001 0.978 0.985 0.000 0.995 0.886 0.008 0.006 0.000
0.000 0.000 0.000 0.000 0.000 0.034 0.000 0.000 0.000 0.000 0.000 0.000 0.000 0.000 0.000 0.000 0.013 0.251 1.000 0.000 0.000 0.000 0.000 0.000 0.000 0.000 0.000 0.994 0.995 0.000 0.979 0.956 0.475 0.000
0.707 0.979 0.451 0.000 0.000 0.005 0.000 0.486 0.000 0.000 0.000 0.000 0.000 0.000 0.000 0.000 0.298 0.000 1.000 0.000 0.000 0.000 0.000 0.000 0.000 0.000 0.000 0.775 0.886 0.979 0.000 1.000 0.972 0.258
0.320 0.993 0.981 0.000 0.000 1.000 0.198 0.082 0.000 0.000 0.000 0.000 0.000 0.000 0.000 0.000 0.000 0.000 0.966 0.192 0.048 0.000 0.000 0.000 0.000 0.001 0.000 0.954 0.008 0.956 1.000 0.000 0.997 0.956
0.278 0.428 0.996 0.004 0.000 0.104 0.000 0.000 0.000 0.000 0.000 0.000 0.008 0.007 0.000 0.000 0.000 0.000 0.000 0.000 0.000 0.000 0.000 0.000 0.002 0.000 0.000 0.029 0.006 0.475 0.972 0.997 0.000 0.999
0.589 0.640 0.995 0.926 0.001 0.104 0.000 0.000 0.000 0.003 0.002 0.003 0.237 0.376 0.192 0.129 0.000 0.000 0.000 0.000 0.004 0.000 0.000 0.000 0.000 0.000 0.000 0.000 0.000 0.000 0.258 0.956 0.999 0.000
