0.000 0.998 0.905 0.219 0.008 0.005 0.000 0.012 0.000 0.000 0.000 0.000 0.002 0.000 0.000 0.000 0.000 0.000 0.005 0.000 0.000 0.000 0.000 0.000 0.000 0.000 0.000 0.000 0.000 0.000 0.722 0.081 0.120 0.294
0.998 0.000 0.987 0.924 0.007 0.940 0.855 0.926 0.000 0.000 0.000 0.000 0.000 0.000 0.000 0.000 0.000 0.000 0.971 0.126 0.000 0.001 0.000 0.000 0.000 0.000 0.000 0.000 0.000 0.000 0.965 0.927 0.221 0.233
0.905 0.987 0.000 0.993 0.832 0.963 0.007 0.009 0.000 0.000 0.000 0.000 0.000 0.000 0.000 0.000 0.000 0.000 0.066 0.000 0.149 0.002 0.000 0.000 0.000 0.000 0.000 0.000 0.000 0.000 0.631 0.989 0.964 0.977
0.219 0.924 0.993 0.000 0.970 0.992 0.000 0.000 0.000 0.000 0.000 0.000 0.000 0.000 0.000 0.000 0.000 0.000 0.000 0.000 0.639 0.042 0.520 0.026 0.000 0.000 0.000 0.000 0.000 0.000 0.006 0.009 0.053 0.537
0.008 0.007 0.832 0.970 0.000 0.990 0.946 0.000 0.000 0.000 0.000 0.000 0.000 0.000 0.000 0.000 0.000 0.000 0.000 0.855 0.934 0.960 0.943 0.180 0.000 0.000 0.000 0.000 0.000 0.000 0.000 0.000 0.000 0.000
0.005 0.940 0.963 0.992 0.990 0.000 0.994 0.846 0.000 0.000 0.000 0.000 0.000 0.000 0.000 0.000 0.000 0.022 0.994 0.981 0.991 0.894 0.146 0.474 0.000 0.922 0.886 0.979 0.000 0.003 0.000 0.965 0.236 0.046
0.000 0.855 0.007 0.000 0.946 0.994 0.000 0.988 0.947 0.110 0.000 0.000 0.000 0.000 0.000 0.000 0.000 0.849 0.977 0.997 0.937 0.981 0.011 0.000 0.437 0.002 0.006 0.000 0.000 0.000 0.000 0.214 0.000 0.000
0.012 0.926 0.009 0.000 0.000 0.846 0.988 0.000 0.959 0.769 0.000 0.000 0.000 0.000 0.000 0.000 0.924 0.910 0.992 0.792 0.000 0.000 0.000 0.000 0.000 0.000 0.000 0.000 0.000 0.000 0.368 0.005 0.000 0.000
0.000 0.000 0.000 0.000 0.000 0.000 0.947 0.959 0.000 0.976 0.811 0.004 0.000 0.000 0.000 0.784 0.877 0.992 0.835 0.824 0.000 0.000 0.000 0.000 0.001 0.000 0.030 0.000 0.000 0.000 0.000 0.000 0.000 0.000
0.000 0.000 0.000 0.000 0.000 0.000 0.110 0.769 0.976 0.000 0.990 0.973 0.037 0.142 0.950 0.968 0.942 0.919 0.000 0.003 0.000 0.000 0.000 0.000 0.000 0.000 0.000 0.000 0.056 0.000 0.000 0.000 0.000 0.000
0.000 0.000 0.000 0.000 0.000 0.000 0.000 0.000 0.811 0.990 0.000 0.995 0.998 0.983 0.958 0.967 0.805 0.938 0.000 0.000 0.000 0.000 0.000 0.000 0.000 0.000 0.002 0.000 0.912 0.000 0.000 0.000 0.000 0.000
0.000 0.000 0.000 0.000 0.000 0.000 0.000 0.000 0.004 0.973 0.995 0.000 0.989 0.943 0.922 0.163 0.000 0.591 0.000 0.000 0.000 0.000 0.000 0.000 0.000 0.000 0.000 0.000 0.000 0.000 0.000 0.000 0.000 0.000
0.002 0.000 0.000 0.000 0.000 0.000 0.000 0.000 0.000 0.037 0.998 0.989 0.000 0.992 0.944 0.040 0.000 0.000 0.000 0.000 0.000 0.000 0.000 0.000 0.000 0.000 0.000 0.000 0.001 0.000 0.000 0.000 0.000 0.001
0.000 0.000 0.000 0.000 0.000 0.000 0.000 0.000 0.000 0.142 0.983 0.943 0.992 0.000 0.995 0.998 0.000 0.001 0.000 0.000 0.000 0.000 0.000 0.000 0.000 0.000 0.000 0.000 0.552 0.000 0.000 0.000 0.000 0.000
0.000 0.000 0.000 0.000 0.000 0.000 0.000 0.000 0.000 0.950 0.958 0.922 0.944 0.995 0.000 0.995 0.914 0.000 0.000 0.000 0.000 0.000 0.000 0.000 0.000 0.000 0.000 0.000 0.003 0.000 0.000 0.000 0.000 0.000
0.000 0.000 0.000 0.000 0.000 0.000 0.000 0.000 0.784 0.968 0.967 0.163 0.040 0.998 0.995 0.000 0.989 0.878 0.000 0.000 0.000 0.000 0.000 0.000 0.000 0.000 0.000 0.000 0.985 0.092 0.000 0.000 0.000 0.000
0.000 0.000 0.000 0.000 0.000 0.000 0.000 0.924 0.877 0.942 0.805 0.000 0.000 0.000 0.914 0.989 0.000 0.960 0.815 0.000 0.000 0.000 0.000 0.000 0.000 0.000 0.000 0.048 0.916 0.016 0.102 0.000 0.000 0.000
0.000 0.000 0.000 0.000 0.000 0.022 0.849 0.910 0.992 0.919 0.938 0.591 0.000 0.001 0.000 0.878 0.960 0.000 0.978 0.968 0.007 0.000 0.000 0.000 0.008 0.063 0.960 0.940 0.986 0.261 0.000 0.000 0.000 0.000
0.005 0.971 0.066 0.000 0.000 0.994 0.977 0.992 0.835 0.000 0.000 0.000 0.000 0.000 0.000 0.000 0.815 0.978 0.000 0.990 0.860 0.000 0.000 0.000 0.000 0.849 0.923 0.991 0.951 0.954 0.990 0.979 0.000 0.000
0.000 0.126 0.000 0.000 0.855 0.981 0.997 0.792 0.824 0.003 0.000 0.000 0.000 0.000 0.000 0.000 0.000 0.968 0.990 0.000 0.995 0.967 0.000 0.002 0.965 0.968 0.983 0.911 0.000 0.000 0.000 0.130 0.000 0.000
0.000 0.000 0.149 0.639 0.934 0.991 0.937 0.000 0.000 0.000 0.000 0.000 0.000 0.000 0.000 0.000 0.000 0.007 0.860 0.995 0.000 0.986 0.990 0.984 0.984 0.982 0.922 0.040 0.000 0.000 0.000 0.042 0.000 0.000
0.000 0.001 0.002 0.042 0.960 0.894 0.981 0.000 0.000 0.000 0.000 0.000 0.000 0.000 0.000 0.000 0.000 0.000 0.000 0.967 0.986 0.000 0.992 0.918 0.935 0.069 0.000 0.000 0.000 0.000 0.000 0.000 0.000 0.000
0.000 0.000 0.000 0.520 0.943 0.146 0.011 0.000 0.000 0.000 0.000 0.000 0.000 0.000 0.000 0.000 0.000 0.000 0.000 0.000 0.990 0.992 0.000 0.996 0.973 0.148 0.000 0.000 0.000 0.000 0.000 0.000 0.000 0.000
0.000 0.000 0.000 0.026 0.180 0.474 0.000 0.000 0.000 0.000 0.000 0.000 0.000 0.000 0.000 0.000 0.000 0.000 0.000 0.002 0.984 0.918 0.996 0.000 0.997 0.996 0.000 0.000 0.000 0.000 0.000 0.000 0.000 0.000
0.000 0.000 0.000 0.000 0.000 0.000 0.437 0.000 0.001 0.000 0.000 0.000 0.000 0.000 0.000 0.000 0.000 0.008 0.000 0.965 0.984 0.935 0.973 0.997 0.000 0.975 0.953 0.000 0.000 0.000 0.000 0.000 0.000 0.000
0.000 0.000 0.000 0.000 0.000 0.922 0.002 0.000 0.000 0.000 0.000 0.000 0.000 0.000 0.000 0.000 0.000 0.063 0.849 0.968 0.982 0.069 0.148 0.996 0.975 0.000 0.988 0.888 0.000 0.000 0.000 0.000 0.000 0.000
0.000 0.000 0.000 0.000 0.000 0.886 0.006 0.000 0.030 0.000 0.002 0.000 0.000 0.000 0.000 0.000 0.000 0.960 0.923 0.983 0.922 0.000 0.000 0.000 0.953 0.988 0.000 0.970 0.757 0.000 0.000 0.000 0.000 0.000
0.000 0.000 0.000 0.000 0.000 0.979 0.000 0.000 0.000 0.000 0.000 0.000 0.000 0.000 0.000 0.000 0.048 0.940 0.991 0.911 0.040 0.000 0.000 0.000 0.000 0.888 0.970 0.000 0.978 0.986 0.904 0.964 0.700 0.000
0.000 0.000 0.000 0.000 0.000 0.000 0.000 0.000 0.000 0.056 0.912 0.000 0.001 0.552 0.003 0.985 0.916 0.986 0.951 0.000 0.000 0.000 0.000 0.000 0.000 0.000 0.757 0.978 0.000 0.979 0.740 0.006 0.000 0.000
0.000 0.000 0.000 0.000 0.000 0.003 0.000 0.000 0.000 0.000 0.000 0.000 0.000 0.000 0.000 0.092 0.016 0.261 0.954 0.000 0.000 0.000 0.000 0.000 0.000 0.000 0.000 0.986 0.979 0.000 0.973 0.950 0.012 0.000
0.722 0.965 0.631 0.006 0.000 0.000 0.000 0.368 0.000 0.000 0.000 0.000 0.000 0.000 0.000 0.000 0.102 0.000 0.990 0.000 0.000 0.000 0.000 0.000 0.000 0.000 0.000 0.904 0.740 0.973 0.000 0.994 0.977 0.305
0.081 0.927 0.989 0.009 0.000 0.965 0.214 0.005 0.000 0.000 0.000 0.000 0.000 0.000 0.000 0.000 0.000 0.000 0.979 0.130 0.042 0.000 0.000 0.000 0.000 0.000 0.000 0.964 0.006 0.950 0.994 0.000 0.992 0.969
0.120 0.221 0.964 0.053 0.000 0.236 0.000 0.000 0.000 0.000 0.000 0.000 0.000 0.000 0.000 0.000 0.000 0.000 0.000 0.000 0.000 0.000 0.000 0.000 0.000 0.000 0.000 0.700 0.000 0.012 0.977 0.992 0.000 0.994
0.294 0.233 0.977 0.537 0.000 0.046 0.000 0.000 0.000 0.000 0.000 0.000 0.001 0.000 0.000 0.000 0.000 0.000 0.000 0.000 0.000 0.000 0.000 0.000 0.000 0.000 0.000 0.000 0.000 0.000 0.305 0.969 0.994 0.000
