0.000 0.989 0.776 0.000 0.000 0.000 0.000 0.000 0.000 0.000 0.000 0.000 0.893 0.865 0.866 0.723 0.804
0.989 0.000 0.987 0.965 0.008 0.000 0.000 0.000 0.000 0.000 0.000 0.876 0.972 0.988 0.738 0.746 0.854
0.776 0.987 0.000 0.998 0.998 0.043 0.000 0.000 0.047 0.434 0.993 0.989 0.987 0.876 0.006 0.000 0.000
0.000 0.965 0.998 0.000 0.994 0.927 0.015 0.000 0.000 0.812 0.975 0.990 0.931 0.913 0.018 0.164 0.052
0.000 0.008 0.998 0.994 0.000 0.988 0.859 0.002 0.735 0.927 0.987 0.906 0.000 0.000 0.000 0.000 0.000
0.000 0.000 0.043 0.927 0.988 0.000 0.978 0.954 0.969 0.993 0.936 0.710 0.000 0.000 0.000 0.000 0.000
0.000 0.000 0.000 0.015 0.859 0.978 0.000 0.967 0.921 0.529 0.000 0.000 0.000 0.000 0.008 0.000 0.004
0.000 0.000 0.000 0.000 0.002 0.954 0.967 0.000 0.971 0.935 0.004 0.001 0.000 0.000 0.006 0.000 0.000
0.000 0.000 0.047 0.000 0.735 0.969 0.921 0.971 0.000 0.981 0.864 0.000 0.000 0.000 0.000 0.000 0.000
0.000 0.000 0.434 0.812 0.927 0.993 0.529 0.935 0.981 0.000 0.988 0.946 0.002 0.000 0.000 0.000 0.000
0.000 0.000 0.993 0.975 0.987 0.936 0.000 0.004 0.864 0.988 0.000 0.990 0.877 0.000 0.000 0.000 0.000
0.000 0.876 0.989 0.990 0.906 0.710 0.000 0.001 0.000 0.946 0.990 0.000 0.991 0.933 0.069 0.000 0.000
0.893 0.972 0.987 0.931 0.000 0.000 0.000 0.000 0.000 0.002 0.877 0.991 0.000 0.992 0.985 0.040 0.009
0.865 0.988 0.876 0.913 0.000 0.000 0.000 0.000 0.000 0.000 0.000 0.933 0.992 0.000 0.991 0.988 0.404
0.866 0.738 0.006 0.018 0.000 0.000 0.008 0.006 0.000 0.000 0.000 0.069 0.985 0.991 0.000 0.976 0.853
0.723 0.746 0.000 0.164 0.000 0.000 0.000 0.000 0.000 0.000 0.000 0.000 0.040 0.988 0.976 0.000 0.971
0.804 0.854 0.000 0.052 0.000 0.000 0.004 0.000 0.000 0.000 0.000 0.000 0.009 0.404 0.853 0.971 0.000
