0.000 0.985 0.915 0.045 0.001 0.004 0.454 0.675 0.762 0.329 0.003 0.029 0.447 0.383 0.000 0.020 0.396 0.060 0.000 0.010 0.062 0.000 0.000 0.000 0.000 0.000 0.000 0.000 0.000 0.000 0.012 0.203 0.194 0.384
0.985 0.000 0.997 0.976 0.972 0.968 0.974 0.897 0.579 0.055 0.000 0.000 0.084 0.000 0.000 0.000 0.019 0.000 0.000 0.000 0.002 0.000 0.000 0.000 0.000 0.000 0.000 0.000 0.000 0.000 0.000 0.006 0.070 0.258
0.915 0.997 0.000 0.998 0.972 0.648 0.468 0.554 0.405 0.114 0.000 0.000 0.051 0.000 0.000 0.000 0.023 0.000 0.000 0.000 0.000 0.003 0.000 0.000 0.000 0.000 0.000 0.000 0.000 0.000 0.000 0.005 0.025 0.171
0.045 0.976 0.998 0.000 0.996 0.998 0.684 0.587 0.221 0.043 0.000 0.000 0.007 0.000 0.000 0.000 0.000 0.000 0.002 0.000 0.000 0.017 0.000 0.000 0.000 0.000 0.000 0.000 0.004 0.001 0.001 0.000 0.000 0.005
0.001 0.972 0.972 0.996 0.000 0.986 0.959 0.216 0.002 0.000 0.000 0.000 0.000 0.000 0.000 0.000 0.000 0.000 0.002 0.000 0.000 0.005 0.001 0.000 0.000 0.000 0.000 0.000 0.000 0.003 0.000 0.000 0.000 0.007
0.004 0.968 0.648 0.998 0.986 0.000 0.987 0.964 0.100 0.018 0.000 0.000 0.000 0.000 0.000 0.000 0.000 0.000 0.011 0.000 0.000 0.004 0.000 0.000 0.000 0.000 0.000 0.003 0.023 0.027 0.003 0.000 0.000 0.000
0.454 0.974 0.468 0.684 0.959 0.987 0.000 0.978 0.918 0.000 0.000 0.000 0.000 0.002 0.000 0.000 0.000 0.000 0.000 0.000 0.000 0.001 0.000 0.000 0.000 0.000 0.000 0.000 0.000 0.006 0.000 0.000 0.000 0.014
0.675 0.897 0.554 0.587 0.216 0.964 0.978 0.000 1.000 0.916 0.012 0.000 0.035 0.054 0.000 0.000 0.000 0.000 0.000 0.000 0.000 0.000 0.000 0.000 0.000 0.000 0.000 0.012 0.024 0.045 0.000 0.000 0.000 0.006
0.762 0.579 0.405 0.221 0.002 0.100 0.918 1.000 0.000 0.994 0.883 0.002 0.975 0.952 0.023 0.089 0.846 0.009 0.000 0.000 0.006 0.000 0.000 0.000 0.000 0.000 0.000 0.000 0.000 0.000 0.000 0.006 0.199 0.377
0.329 0.055 0.114 0.043 0.000 0.018 0.000 0.916 0.994 0.000 0.967 0.961 1.000 0.978 0.876 0.000 0.000 0.000 0.000 0.000 0.000 0.000 0.000 0.000 0.000 0.000 0.000 0.000 0.004 0.000 0.000 0.000 0.000 0.005
0.003 0.000 0.000 0.000 0.000 0.000 0.000 0.012 0.883 0.967 0.000 1.000 0.991 0.997 1.000 0.825 0.000 0.186 0.006 0.000 0.000 0.000 0.000 0.000 0.000 0.000 0.001 0.005 0.006 0.011 0.000 0.000 0.000 0.000
0.029 0.000 0.000 0.000 0.000 0.000 0.000 0.000 0.002 0.961 1.000 0.000 0.995 0.992 0.995 0.985 0.310 0.000 0.006 0.000 0.000 0.000 0.000 0.000 0.000 0.000 0.000 0.000 0.000 0.000 0.000 0.000 0.002 0.001
0.447 0.084 0.051 0.007 0.000 0.000 0.000 0.035 0.975 1.000 0.991 0.995 0.000 0.996 0.955 0.995 0.986 0.700 0.000 0.000 0.000 0.000 0.000 0.000 0.000 0.000 0.000 0.000 0.000 0.000 0.000 0.005 0.599 0.565
0.383 0.000 0.000 0.000 0.000 0.000 0.002 0.054 0.952 0.978 0.997 0.992 0.996 0.000 0.993 0.995 0.993 1.000 0.955 0.000 0.329 0.000 0.000 0.000 0.000 0.000 0.000 0.000 0.000 0.000 0.000 0.000 0.051 0.032
0.000 0.000 0.000 0.000 0.000 0.000 0.000 0.000 0.023 0.876 1.000 0.995 0.955 0.993 0.000 1.000 0.977 0.999 0.991 0.755 0.000 0.030 0.000 0.000 0.000 0.000 0.000 0.000 0.000 0.000 0.000 0.000 0.002 0.000
0.020 0.000 0.000 0.000 0.000 0.000 0.000 0.000 0.089 0.000 0.825 0.985 0.995 0.995 1.000 0.000 0.996 0.999 1.000 0.966 0.852 0.000 0.000 0.000 0.000 0.000 0.000 0.000 0.000 0.119 0.000 0.123 0.915 0.307
0.396 0.019 0.023 0.000 0.000 0.000 0.000 0.000 0.846 0.000 0.000 0.310 0.986 0.993 0.977 0.996 0.000 0.996 0.986 0.998 1.000 0.946 0.000 0.000 0.005 0.219 0.000 0.000 0.000 0.002 0.000 0.949 0.925 0.428
0.060 0.000 0.000 0.000 0.000 0.000 0.000 0.000 0.009 0.000 0.186 0.000 0.700 1.000 0.999 0.999 0.996 0.000 1.000 0.955 0.979 0.998 0.851 0.000 0.000 0.000 0.000 0.000 0.000 0.000 0.000 0.000 0.011 0.000
0.000 0.000 0.000 0.002 0.002 0.011 0.000 0.000 0.000 0.000 0.006 0.006 0.000 0.955 0.991 1.000 0.986 1.000 0.000 0.995 0.973 1.000 0.959 0.575 0.021 0.000 0.000 0.001 0.000 0.240 0.000 0.013 0.348 0.003
0.010 0.000 0.000 0.000 0.000 0.000 0.000 0.000 0.000 0.000 0.000 0.000 0.000 0.000 0.755 0.966 0.998 0.955 0.995 0.000 1.000 1.000 0.992 0.949 1.000 1.000 0.030 0.898 0.234 0.965 0.968 0.994 0.986 0.002
0.062 0.002 0.000 0.000 0.000 0.000 0.000 0.000 0.006 0.000 0.000 0.000 0.000 0.329 0.000 0.852 1.000 0.979 0.973 1.000 0.000 0.989 0.980 0.941 0.978 0.911 0.006 0.047 0.000 0.000 0.000 0.006 0.011 0.000
0.000 0.000 0.003 0.017 0.005 0.004 0.001 0.000 0.000 0.000 0.000 0.000 0.000 0.000 0.030 0.000 0.946 0.998 1.000 1.000 0.989 0.000 0.995 0.942 0.838 0.000 0.000 0.000 0.000 0.005 0.000 0.000 0.000 0.000
0.000 0.000 0.000 0.000 0.001 0.000 0.000 0.000 0.000 0.000 0.000 0.000 0.000 0.000 0.000 0.000 0.000 0.851 0.959 0.992 0.980 0.995 0.000 0.996 0.953 0.001 0.297 0.916 0.000 0.896 0.011 0.004 0.028 0.000
0.000 0.000 0.000 0.000 0.000 0.000 0.000 0.000 0.000 0.000 0.000 0.000 0.000 0.000 0.000 0.000 0.000 0.000 0.575 0.949 0.941 0.942 0.996 0.000 0.992 0.913 0.966 0.956 0.034 0.207 0.000 0.000 0.000 0.000
0.000 0.000 0.000 0.000 0.000 0.000 0.000 0.000 0.000 0.000 0.000 0.000 0.000 0.000 0.000 0.000 0.005 0.000 0.021 1.000 0.978 0.838 0.953 0.992 0.000 0.990 0.980 0.955 0.837 0.865 0.001 0.018 0.000 0.000
0.000 0.000 0.000 0.000 0.000 0.000 0.000 0.000 0.000 0.000 0.000 0.000 0.000 0.000 0.000 0.000 0.219 0.000 0.000 1.000 0.911 0.000 0.001 0.913 0.990 0.000 0.989 0.943 0.907 0.500 0.099 0.338 0.000 0.000
0.000 0.000 0.000 0.000 0.000 0.000 0.000 0.000 0.000 0.000 0.001 0.000 0.000 0.000 0.000 0.000 0.000 0.000 0.000 0.030 0.006 0.000 0.297 0.966 0.980 0.989 0.000 1.000 0.951 0.274 0.000 0.000 0.000 0.000
0.000 0.000 0.000 0.000 0.000 0.003 0.000 0.012 0.000 0.000 0.005 0.000 0.000 0.000 0.000 0.000 0.000 0.000 0.001 0.898 0.047 0.000 0.916 0.956 0.955 0.943 1.000 0.000 0.969 1.000 0.041 0.004 0.000 0.000
0.000 0.000 0.000 0.004 0.000 0.023 0.000 0.024 0.000 0.004 0.006 0.000 0.000 0.000 0.000 0.000 0.000 0.000 0.000 0.234 0.000 0.000 0.000 0.034 0.837 0.907 0.951 0.969 0.000 0.999 0.943 0.001 0.000 0.000
0.000 0.000 0.000 0.001 0.003 0.027 0.006 0.045 0.000 0.000 0.011 0.000 0.000 0.000 0.000 0.119 0.002 0.000 0.240 0.965 0.000 0.005 0.896 0.207 0.865 0.500 0.274 1.000 0.999 0.000 0.999 0.923 0.305 0.006
0.012 0.000 0.000 0.001 0.000 0.003 0.000 0.000 0.000 0.000 0.000 0.000 0.000 0.000 0.000 0.000 0.000 0.000 0.000 0.968 0.000 0.000 0.011 0.000 0.001 0.099 0.000 0.041 0.943 0.999 0.000 0.982 0.926 0.121
0.203 0.006 0.005 0.000 0.000 0.000 0.000 0.000 0.006 0.000 0.000 0.000 0.005 0.000 0.000 0.123 0.949 0.000 0.013 0.994 0.006 0.000 0.004 0.000 0.018 0.338 0.000 0.004 0.001 0.923 0.982 0.000 0.985 0.989
0.194 0.070 0.025 0.000 0.000 0.000 0.000 0.000 0.199 0.000 0.000 0.002 0.599 0.051 0.002 0.915 0.925 0.011 0.348 0.986 0.011 0.000 0.028 0.000 0.000 0.000 0.000 0.000 0.000 0.305 0.926 0.985 0.000 0.997
0.384 0.258 0.171 0.005 0.007 0.000 0.014 0.006 0.377 0.005 0.000 0.001 0.565 0.032 0.000 0.307 0.428 0.000 0.003 0.002 0.000 0.000 0.000 0.000 0.000 0.000 0.000 0.000 0.000 0.006 0.121 0.989 0.997 0.000
