0.000 0.996 0.952 0.289 0.000 0.000 0.000 0.002 0.000 0.000 0.000 0.002 0.000 0.000 0.000 0.000 0.000 0.000 0.000 0.000 0.000 0.000 0.000 0.000 0.000 0.000 0.000 0.000 0.000 0.000 0.765 0.090 0.273 0.767
0.996 0.000 0.996 0.948 0.009 0.990 0.859 0.904 0.000 0.000 0.000 0.000 0.000 0.000 0.000 0.000 0.000 0.000 0.994 0.169 0.000 0.002 0.000 0.000 0.000 0.000 0.000 0.000 0.000 0.000 0.986 0.953 0.602 0.713
0.952 0.996 0.000 0.989 0.992 0.999 0.015 0.000 0.000 0.000 0.000 0.000 0.000 0.000 0.000 0.000 0.000 0.000 0.002 0.000 0.108 0.114 0.000 0.000 0.000 0.000 0.000 0.001 0.000 0.000 0.217 0.945 0.915 0.968
0.289 0.948 0.989 0.000 0.976 0.934 0.034 0.000 0.000 0.000 0.000 0.000 0.000 0.000 0.000 0.000 0.000 0.000 0.000 0.000 0.000 0.855 0.223 0.000 0.000 0.000 0.000 0.000 0.000 0.000 0.000 0.000 0.000 0.143
0.000 0.009 0.992 0.976 0.000 0.993 0.959 0.000 0.000 0.000 0.000 0.000 0.000 0.000 0.000 0.000 0.000 0.000 0.000 0.957 0.982 0.984 0.967 0.564 0.000 0.000 0.000 0.000 0.000 0.000 0.000 0.000 0.000 0.003
0.000 0.990 0.999 0.934 0.993 0.000 0.992 0.926 0.000 0.000 0.000 0.000 0.000 0.000 0.000 0.000 0.000 0.009 0.987 0.991 0.997 0.959 0.106 0.359 0.000 0.915 0.919 0.995 0.000 0.040 0.003 0.998 0.220 0.020
0.000 0.859 0.015 0.034 0.959 0.992 0.000 0.988 0.997 0.000 0.000 0.000 0.000 0.000 0.000 0.000 0.000 0.883 0.980 0.981 0.940 0.908 0.000 0.000 0.000 0.000 0.000 0.000 0.000 0.000 0.000 0.175 0.000 0.000
0.002 0.904 0.000 0.000 0.000 0.926 0.988 0.000 0.990 0.853 0.000 0.000 0.000 0.000 0.000 0.000 0.969 0.946 0.994 0.911 0.000 0.000 0.000 0.000 0.000 0.000 0.000 0.000 0.001 0.000 0.538 0.002 0.000 0.000
0.000 0.000 0.000 0.000 0.000 0.000 0.997 0.990 0.000 0.977 0.827 0.046 0.000 0.000 0.000 0.799 0.955 0.995 0.915 0.984 0.000 0.693 0.000 0.000 0.021 0.000 0.162 0.000 0.001 0.000 0.000 0.000 0.000 0.000
0.000 0.000 0.000 0.000 0.000 0.000 0.000 0.853 0.977 0.000 0.982 0.941 0.017 0.044 0.929 0.943 0.977 0.942 0.000 0.000 0.000 0.000 0.000 0.000 0.000 0.000 0.000 0.000 0.081 0.000 0.000 0.000 0.000 0.000
0.000 0.000 0.000 0.000 0.000 0.000 0.000 0.000 0.827 0.982 0.000 0.981 0.953 0.980 0.973 0.978 0.875 0.966 0.000 0.000 0.000 0.000 0.000 0.000 0.000 0.000 0.000 0.000 0.848 0.000 0.000 0.000 0.000 0.000
0.002 0.000 0.000 0.000 0.000 0.000 0.000 0.000 0.046 0.941 0.981 0.000 0.981 0.913 0.904 0.195 0.000 0.528 0.000 0.000 0.000 0.000 0.000 0.000 0.000 0.000 0.000 0.000 0.010 0.000 0.000 0.000 0.000 0.000
0.000 0.000 0.000 0.000 0.000 0.000 0.000 0.000 0.000 0.017 0.953 0.981 0.000 0.989 0.918 0.053 0.000 0.000 0.000 0.000 0.000 0.000 0.000 0.000 0.000 0.000 0.000 0.000 0.046 0.000 0.000 0.000 0.000 0.000
0.000 0.000 0.000 0.000 0.000 0.000 0.000 0.000 0.000 0.044 0.980 0.913 0.989 0.000 0.981 0.984 0.001 0.021 0.000 0.000 0.000 0.000 0.000 0.000 0.000 0.000 0.000 0.000 0.680 0.000 0.000 0.000 0.000 0.000
0.000 0.000 0.000 0.000 0.000 0.000 0.000 0.000 0.000 0.929 0.973 0.904 0.918 0.981 0.000 0.984 0.893 0.000 0.000 0.000 0.000 0.000 0.000 0.000 0.000 0.000 0.000 0.000 0.003 0.000 0.000 0.000 0.000 0.000
0.000 0.000 0.000 0.000 0.000 0.000 0.000 0.000 0.799 0.943 0.978 0.195 0.053 0.984 0.984 0.000 0.978 0.928 0.000 0.000 0.000 0.000 0.000 0.000 0.000 0.000 0.000 0.000 0.911 0.077 0.000 0.000 0.000 0.000
0.000 0.000 0.000 0.000 0.000 0.000 0.000 0.969 0.955 0.977 0.875 0.000 0.000 0.001 0.893 0.978 0.000 0.991 0.935 0.000 0.000 0.000 0.000 0.000 0.000 0.000 0.000 0.143 0.962 0.033 0.077 0.000 0.000 0.000
0.000 0.000 0.000 0.000 0.000 0.009 0.883 0.946 0.995 0.942 0.966 0.528 0.000 0.021 0.000 0.928 0.991 0.000 0.986 0.962 0.001 0.000 0.000 0.000 0.000 0.039 0.973 0.971 0.999 0.515 0.001 0.000 0.000 0.000
0.000 0.994 0.002 0.000 0.000 0.987 0.980 0.994 0.915 0.000 0.000 0.000 0.000 0.000 0.000 0.000 0.935 0.986 0.000 0.992 0.932 0.000 0.000 0.000 0.000 0.898 0.963 0.996 0.966 0.988 1.000 0.997 0.000 0.000
0.000 0.169 0.000 0.000 0.957 0.991 0.981 0.911 0.984 0.000 0.000 0.000 0.000 0.000 0.000 0.000 0.000 0.962 0.992 0.000 0.997 0.994 0.013 0.000 0.977 0.967 0.981 0.914 0.000 0.000 0.000 0.111 0.000 0.000
0.000 0.000 0.108 0.000 0.982 0.997 0.940 0.000 0.000 0.000 0.000 0.000 0.000 0.000 0.000 0.000 0.000 0.001 0.932 0.997 0.000 0.993 0.970 0.980 0.970 0.988 0.953 0.185 0.000 0.000 0.000 0.058 0.000 0.000
0.000 0.002 0.114 0.855 0.984 0.959 0.908 0.000 0.693 0.000 0.000 0.000 0.000 0.000 0.000 0.000 0.000 0.000 0.000 0.994 0.993 0.000 0.997 0.919 0.956 0.341 0.000 0.000 0.000 0.000 0.000 0.000 0.000 0.000
0.000 0.000 0.000 0.223 0.967 0.106 0.000 0.000 0.000 0.000 0.000 0.000 0.000 0.000 0.000 0.000 0.000 0.000 0.000 0.013 0.970 0.997 0.000 0.993 0.964 0.151 0.000 0.000 0.000 0.000 0.000 0.000 0.000 0.000
0.000 0.000 0.000 0.000 0.564 0.359 0.000 0.000 0.000 0.000 0.000 0.000 0.000 0.000 0.000 0.000 0.000 0.000 0.000 0.000 0.980 0.919 0.993 0.000 0.995 0.983 0.004 0.010 0.000 0.000 0.000 0.000 0.000 0.000
0.000 0.000 0.000 0.000 0.000 0.000 0.000 0.000 0.021 0.000 0.000 0.000 0.000 0.000 0.000 0.000 0.000 0.000 0.000 0.977 0.970 0.956 0.964 0.995 0.000 0.987 0.944 0.000 0.000 0.000 0.000 0.000 0.000 0.000
0.000 0.000 0.000 0.000 0.000 0.915 0.000 0.000 0.000 0.000 0.000 0.000 0.000 0.000 0.000 0.000 0.000 0.039 0.898 0.967 0.988 0.341 0.151 0.983 0.987 0.000 0.996 0.913 0.000 0.000 0.000 0.000 0.000 0.000
0.000 0.000 0.000 0.000 0.000 0.919 0.000 0.000 0.162 0.000 0.000 0.000 0.000 0.000 0.000 0.000 0.000 0.973 0.963 0.981 0.953 0.000 0.000 0.004 0.944 0.996 0.000 0.991 0.909 0.000 0.000 0.000 0.000 0.000
0.000 0.000 0.001 0.000 0.000 0.995 0.000 0.000 0.000 0.000 0.000 0.000 0.000 0.000 0.000 0.000 0.143 0.971 0.996 0.914 0.185 0.000 0.000 0.010 0.000 0.913 0.991 0.000 0.984 0.996 0.889 0.982 0.526 0.000
0.000 0.000 0.000 0.000 0.000 0.000 0.000 0.001 0.001 0.081 0.848 0.010 0.046 0.680 0.003 0.911 0.962 0.999 0.966 0.000 0.000 0.000 0.000 0.000 0.000 0.000 0.909 0.984 0.000 0.993 0.945 0.012 0.000 0.000
0.000 0.000 0.000 0.000 0.000 0.040 0.000 0.000 0.000 0.000 0.000 0.000 0.000 0.000 0.000 0.077 0.033 0.515 0.988 0.000 0.000 0.000 0.000 0.000 0.000 0.000 0.000 0.996 0.993 0.000 0.995 0.966 0.016 0.000
0.765 0.986 0.217 0.000 0.000 0.003 0.000 0.538 0.000 0.000 0.000 0.000 0.000 0.000 0.000 0.000 0.077 0.001 1.000 0.000 0.000 0.000 0.000 0.000 0.000 0.000 0.000 0.889 0.945 0.995 0.000 0.999 0.960 0.561
0.090 0.953 0.945 0.000 0.000 0.998 0.175 0.002 0.000 0.000 0.000 0.000 0.000 0.000 0.000 0.000 0.000 0.000 0.997 0.111 0.058 0.000 0.000 0.000 0.000 0.000 0.000 0.982 0.012 0.966 0.999 0.000 0.996 0.985
0.273 0.602 0.915 0.000 0.000 0.220 0.000 0.000 0.000 0.000 0.000 0.000 0.000 0.000 0.000 0.000 0.000 0.000 0.000 0.000 0.000 0.000 0.000 0.000 0.000 0.000 0.000 0.526 0.000 0.016 0.960 0.996 0.000 0.991
0.767 0.713 0.968 0.143 0.003 0.020 0.000 0.000 0.000 0.000 0.000 0.000 0.000 0.000 0.000 0.000 0.000 0.000 0.000 0.000 0.000 0.000 0.000 0.000 0.000 0.000 0.000 0.000 0.000 0.000 0.561 0.985 0.991 0.000
