0.000 1.000 0.969 0.181 0.010 0.005 0.002 0.002 0.000 0.000 0.000 0.000 0.001 0.000 0.000 0.000 0.000 0.000 0.001 0.000 0.000 0.001 0.000 0.000 0.000 0.000 0.000 0.000 0.000 0.000 0.828 0.269 0.291 0.362
1.000 0.000 0.995 0.904 0.005 0.997 0.992 0.988 0.000 0.000 0.000 0.000 0.000 0.000 0.000 0.000 0.000 0.000 1.000 0.166 0.000 0.000 0.000 0.000 0.000 0.000 0.000 0.000 0.000 0.000 0.991 0.997 0.407 0.323
0.969 0.995 0.000 0.997 0.962 0.991 0.000 0.000 0.000 0.000 0.000 0.000 0.000 0.000 0.000 0.000 0.000 0.000 0.008 0.000 0.327 0.002 0.000 0.000 0.000 0.000 0.000 0.000 0.000 0.000 0.502 0.991 0.983 0.969
0.181 0.904 0.997 0.000 0.984 0.971 0.000 0.000 0.000 0.000 0.000 0.000 0.000 0.000 0.000 0.000 0.000 0.000 0.000 0.000 0.901 0.091 0.849 0.032 0.000 0.000 0.000 0.000 0.000 0.000 0.000 0.000 0.021 0.610
0.010 0.005 0.962 0.984 0.000 0.997 0.927 0.000 0.000 0.000 0.000 0.000 0.000 0.000 0.000 0.000 0.000 0.000 0.000 0.970 0.994 1.000 0.977 0.250 0.000 0.000 0.000 0.000 0.000 0.000 0.000 0.000 0.000 0.001
0.005 0.997 0.991 0.971 0.997 0.000 0.998 0.971 0.000 0.000 0.000 0.000 0.000 0.000 0.000 0.000 0.000 0.028 0.980 1.000 0.999 0.969 0.152 0.686 0.000 0.991 0.997 1.000 0.000 0.003 0.000 1.000 0.207 0.225
0.002 0.992 0.000 0.000 0.927 0.998 0.000 0.996 1.000 0.000 0.000 0.000 0.000 0.000 0.000 0.000 0.000 0.989 0.999 0.998 0.907 0.868 0.000 0.000 0.000 0.000 0.000 0.000 0.000 0.000 0.000 0.318 0.000 0.000
0.002 0.988 0.000 0.000 0.000 0.971 0.996 0.000 1.000 0.995 0.000 0.000 0.000 0.000 0.000 0.000 1.000 0.996 0.999 0.980 0.000 0.000 0.000 0.000 0.000 0.000 0.000 0.000 0.000 0.000 0.543 0.002 0.000 0.000
0.000 0.000 0.000 0.000 0.000 0.000 1.000 1.000 0.000 0.998 0.984 0.039 0.000 0.000 0.000 0.978 0.997 0.999 0.997 0.999 0.001 0.715 0.000 0.000 0.009 0.000 0.054 0.000 0.000 0.000 0.000 0.000 0.000 0.000
0.000 0.000 0.000 0.000 0.000 0.000 0.000 0.995 0.998 0.000 0.999 0.998 0.023 0.088 0.995 0.997 0.998 0.989 0.000 0.000 0.000 0.000 0.000 0.000 0.000 0.000 0.000 0.000 0.002 0.000 0.000 0.000 0.000 0.000
0.000 0.000 0.000 0.000 0.000 0.000 0.000 0.000 0.984 0.999 0.000 0.992 0.992 1.000 0.994 1.000 0.988 0.998 0.000 0.000 0.000 0.000 0.000 0.000 0.000 0.000 0.000 0.000 0.724 0.000 0.000 0.000 0.000 0.000
0.000 0.000 0.000 0.000 0.000 0.000 0.000 0.000 0.039 0.998 0.992 0.000 0.999 0.986 0.989 0.265 0.000 0.428 0.000 0.000 0.000 0.000 0.000 0.002 0.001 0.000 0.000 0.000 0.001 0.003 0.000 0.000 0.000 0.004
0.001 0.000 0.000 0.000 0.000 0.000 0.000 0.000 0.000 0.023 0.992 0.999 0.000 0.992 0.983 0.069 0.000 0.000 0.000 0.000 0.000 0.000 0.000 0.000 0.000 0.000 0.000 0.000 0.014 0.000 0.000 0.000 0.000 0.000
0.000 0.000 0.000 0.000 0.000 0.000 0.000 0.000 0.000 0.088 1.000 0.986 0.992 0.000 0.998 1.000 0.004 0.022 0.000 0.000 0.000 0.000 0.000 0.000 0.000 0.000 0.000 0.000 0.184 0.000 0.000 0.000 0.000 0.000
0.000 0.000 0.000 0.000 0.000 0.000 0.000 0.000 0.000 0.995 0.994 0.989 0.983 0.998 0.000 0.987 0.977 0.000 0.000 0.000 0.000 0.000 0.000 0.000 0.000 0.000 0.000 0.000 0.001 0.000 0.000 0.000 0.000 0.000
0.000 0.000 0.000 0.000 0.000 0.000 0.000 0.000 0.978 0.997 1.000 0.265 0.069 1.000 0.987 0.000 1.000 0.991 0.002 0.000 0.000 0.000 0.000 0.000 0.000 0.000 0.000 0.000 0.957 0.085 0.001 0.000 0.000 0.000
0.000 0.000 0.000 0.000 0.000 0.000 0.000 1.000 0.997 0.998 0.988 0.000 0.000 0.004 0.977 1.000 0.000 0.996 0.999 0.000 0.000 0.000 0.000 0.000 0.000 0.000 0.000 0.099 0.980 0.018 0.072 0.000 0.000 0.000
0.000 0.000 0.000 0.000 0.000 0.028 0.989 0.996 0.999 0.989 0.998 0.428 0.000 0.022 0.000 0.991 0.996 0.000 1.000 0.995 0.002 0.000 0.000 0.000 0.000 0.045 0.951 0.994 0.995 0.374 0.000 0.000 0.000 0.000
0.001 1.000 0.008 0.000 0.000 0.980 0.999 0.999 0.997 0.000 0.000 0.000 0.000 0.000 0.000 0.002 0.999 1.000 0.000 0.999 0.903 0.000 0.000 0.000 0.000 0.870 0.955 0.993 0.991 0.961 0.993 0.993 0.000 0.000
0.000 0.166 0.000 0.000 0.970 1.000 0.998 0.980 0.999 0.000 0.000 0.000 0.000 0.000 0.000 0.000 0.000 0.995 0.999 0.000 0.995 1.000 0.019 0.001 0.937 0.986 0.997 0.989 0.000 0.000 0.000 0.202 0.000 0.000
0.000 0.000 0.327 0.901 0.994 0.999 0.907 0.000 0.001 0.000 0.000 0.000 0.000 0.000 0.000 0.000 0.000 0.002 0.903 0.995 0.000 1.000 0.995 0.982 0.998 0.999 0.995 0.030 0.000 0.000 0.000 0.064 0.000 0.109
0.001 0.000 0.002 0.091 1.000 0.969 0.868 0.000 0.715 0.000 0.000 0.000 0.000 0.000 0.000 0.000 0.000 0.000 0.000 1.000 1.000 0.000 0.992 0.950 0.996 0.399 0.000 0.000 0.000 0.000 0.000 0.000 0.000 0.000
0.000 0.000 0.000 0.849 0.977 0.152 0.000 0.000 0.000 0.000 0.000 0.000 0.000 0.000 0.000 0.000 0.000 0.000 0.000 0.019 0.995 0.992 0.000 1.000 0.999 0.181 0.000 0.000 0.000 0.000 0.000 0.000 0.000 0.000
0.000 0.000 0.000 0.032 0.250 0.686 0.000 0.000 0.000 0.000 0.000 0.002 0.000 0.000 0.000 0.000 0.000 0.000 0.000 0.001 0.982 0.950 1.000 0.000 0.988 0.995 0.000 0.000 0.000 0.000 0.000 0.000 0.000 0.004
0.000 0.000 0.000 0.000 0.000 0.000 0.000 0.000 0.009 0.000 0.000 0.001 0.000 0.000 0.000 0.000 0.000 0.000 0.000 0.937 0.998 0.996 0.999 0.988 0.000 1.000 0.971 0.000 0.000 0.000 0.000 0.000 0.000 0.000
0.000 0.000 0.000 0.000 0.000 0.991 0.000 0.000 0.000 0.000 0.000 0.000 0.000 0.000 0.000 0.000 0.000 0.045 0.870 0.986 0.999 0.399 0.181 0.995 1.000 0.000 1.000 0.943 0.000 0.000 0.000 0.000 0.000 0.000
0.000 0.000 0.000 0.000 0.000 0.997 0.000 0.000 0.054 0.000 0.000 0.000 0.000 0.000 0.000 0.000 0.000 0.951 0.955 0.997 0.995 0.000 0.000 0.000 0.971 1.000 0.000 0.995 0.940 0.000 0.000 0.000 0.000 0.000
0.000 0.000 0.000 0.000 0.000 1.000 0.000 0.000 0.000 0.000 0.000 0.000 0.000 0.000 0.000 0.000 0.099 0.994 0.993 0.989 0.030 0.000 0.000 0.000 0.000 0.943 0.995 0.000 1.000 1.000 0.963 0.992 0.744 0.037
0.000 0.000 0.000 0.000 0.000 0.000 0.000 0.000 0.000 0.002 0.724 0.001 0.014 0.184 0.001 0.957 0.980 0.995 0.991 0.000 0.000 0.000 0.000 0.000 0.000 0.000 0.940 1.000 0.000 0.993 0.982 0.019 0.000 0.000
0.000 0.000 0.000 0.000 0.000 0.003 0.000 0.000 0.000 0.000 0.000 0.003 0.000 0.000 0.000 0.085 0.018 0.374 0.961 0.000 0.000 0.000 0.000 0.000 0.000 0.000 0.000 1.000 0.993 0.000 0.996 0.993 0.047 0.000
0.828 0.991 0.502 0.000 0.000 0.000 0.000 0.543 0.000 0.000 0.000 0.000 0.000 0.000 0.000 0.001 0.072 0.000 0.993 0.000 0.000 0.000 0.000 0.000 0.000 0.000 0.000 0.963 0.982 0.996 0.000 0.999 0.948 0.147
0.269 0.997 0.991 0.000 0.000 1.000 0.318 0.002 0.000 0.000 0.000 0.000 0.000 0.000 0.000 0.000 0.000 0.000 0.993 0.202 0.064 0.000 0.000 0.000 0.000 0.000 0.000 0.992 0.019 0.993 0.999 0.000 0.989 0.912
0.291 0.407 0.983 0.021 0.000 0.207 0.000 0.000 0.000 0.000 0.000 0.000 0.000 0.000 0.000 0.000 0.000 0.000 0.000 0.000 0.000 0.000 0.000 0.000 0.000 0.000 0.000 0.744 0.000 0.047 0.948 0.989 0.000 0.994
0.362 0.323 0.969 0.610 0.001 0.225 0.000 0.000 0.000 0.000 0.000 0.004 0.000 0.000 0.000 0.000 0.000 0.000 0.000 0.000 0.109 0.000 0.000 0.004 0.000 0.000 0.000 0.037 0.000 0.000 0.147 0.912 0.994 0.000
