0.000 1.000 0.960 0.223 0.005 0.007 0.000 0.013 0.000 0.000 0.000 0.000 0.000 0.000 0.000 0.000 0.000 0.000 0.001 0.000 0.000 0.002 0.000 0.000 0.000 0.000 0.000 0.000 0.000 0.000 0.726 0.117 0.136 0.382
1.000 0.000 0.999 0.951 0.006 0.952 0.924 0.972 0.000 0.000 0.000 0.000 0.000 0.000 0.000 0.000 0.000 0.000 0.999 0.218 0.000 0.001 0.000 0.000 0.000 0.000 0.000 0.000 0.000 0.000 0.960 0.988 0.248 0.249
0.960 0.999 0.000 1.000 0.909 0.980 0.000 0.000 0.000 0.000 0.000 0.002 0.000 0.000 0.000 0.000 0.000 0.000 0.011 0.000 0.204 0.003 0.000 0.000 0.000 0.000 0.000 0.000 0.000 0.000 0.637 0.999 0.975 0.968
0.223 0.951 1.000 0.000 0.990 1.000 0.000 0.000 0.000 0.000 0.000 0.013 0.000 0.000 0.000 0.000 0.000 0.000 0.000 0.000 0.908 0.111 0.583 0.009 0.000 0.000 0.000 0.000 0.000 0.000 0.000 0.000 0.016 0.471
0.005 0.006 0.909 0.990 0.000 0.998 0.991 0.000 0.000 0.000 0.000 0.000 0.000 0.000 0.000 0.000 0.000 0.000 0.000 0.986 0.996 0.992 0.995 0.241 0.000 0.000 0.000 0.000 0.000 0.000 0.000 0.000 0.000 0.000
0.007 0.952 0.980 1.000 0.998 0.000 1.000 0.923 0.000 0.000 0.000 0.000 0.000 0.000 0.000 0.000 0.000 0.030 0.990 1.000 0.999 0.964 0.219 0.525 0.000 0.987 0.996 0.978 0.000 0.007 0.001 0.974 0.194 0.035
0.000 0.924 0.000 0.000 0.991 1.000 0.000 0.986 1.000 0.000 0.000 0.000 0.000 0.000 0.000 0.000 0.000 0.888 0.963 1.000 0.984 0.976 0.000 0.000 0.000 0.000 0.000 0.000 0.000 0.000 0.000 0.229 0.000 0.000
0.013 0.972 0.000 0.000 0.000 0.923 0.986 0.000 0.992 0.981 0.000 0.000 0.000 0.000 0.000 0.000 0.998 0.979 0.980 0.929 0.000 0.000 0.000 0.000 0.000 0.000 0.000 0.000 0.002 0.000 0.296 0.002 0.000 0.000
0.000 0.000 0.000 0.000 0.000 0.000 1.000 0.992 0.000 0.999 0.963 0.016 0.000 0.076 0.000 0.907 0.969 1.000 0.948 0.989 0.000 0.839 0.000 0.000 0.021 0.000 0.080 0.000 0.001 0.000 0.000 0.000 0.000 0.000
0.000 0.000 0.000 0.000 0.000 0.000 0.000 0.981 0.999 0.000 0.999 0.995 0.024 0.212 0.950 0.967 0.989 0.996 0.000 0.000 0.000 0.000 0.000 0.000 0.000 0.000 0.000 0.000 0.026 0.000 0.000 0.000 0.000 0.000
0.000 0.000 0.000 0.000 0.000 0.000 0.000 0.000 0.963 0.999 0.000 0.997 0.978 0.984 0.960 0.982 0.906 0.981 0.000 0.000 0.000 0.000 0.000 0.000 0.000 0.000 0.000 0.000 0.490 0.000 0.000 0.000 0.000 0.000
0.000 0.000 0.002 0.013 0.000 0.000 0.000 0.000 0.016 0.995 0.997 0.000 0.993 0.962 0.962 0.307 0.000 0.337 0.000 0.000 0.000 0.000 0.009 0.001 0.000 0.000 0.000 0.000 0.017 0.000 0.000 0.000 0.000 0.002
0.000 0.000 0.000 0.000 0.000 0.000 0.000 0.000 0.000 0.024 0.978 0.993 0.000 0.996 0.967 0.052 0.000 0.010 0.000 0.000 0.000 0.000 0.000 0.000 0.000 0.000 0.000 0.000 0.243 0.000 0.000 0.000 0.000 0.000
0.000 0.000 0.000 0.000 0.000 0.000 0.000 0.000 0.076 0.212 0.984 0.962 0.996 0.000 0.994 0.990 0.134 0.210 0.000 0.000 0.000 0.000 0.000 0.000 0.000 0.000 0.000 0.000 0.632 0.000 0.000 0.000 0.000 0.000
0.000 0.000 0.000 0.000 0.000 0.000 0.000 0.000 0.000 0.950 0.960 0.962 0.967 0.994 0.000 0.988 0.914 0.000 0.000 0.000 0.000 0.000 0.000 0.000 0.000 0.000 0.000 0.000 0.106 0.000 0.000 0.000 0.000 0.000
0.000 0.000 0.000 0.000 0.000 0.000 0.000 0.000 0.907 0.967 0.982 0.307 0.052 0.990 0.988 0.000 0.996 0.975 0.002 0.000 0.000 0.000 0.000 0.000 0.000 0.000 0.026 0.040 0.999 0.091 0.000 0.000 0.000 0.000
0.000 0.000 0.000 0.000 0.000 0.000 0.000 0.998 0.969 0.989 0.906 0.000 0.000 0.134 0.914 0.996 0.000 0.992 0.972 0.000 0.000 0.000 0.000 0.000 0.000 0.000 0.000 0.033 0.981 0.024 0.052 0.000 0.000 0.000
0.000 0.000 0.000 0.000 0.000 0.030 0.888 0.979 1.000 0.996 0.981 0.337 0.010 0.210 0.000 0.975 0.992 0.000 1.000 0.995 0.004 0.000 0.000 0.000 0.000 0.063 0.991 0.988 0.976 0.402 0.000 0.000 0.000 0.000
0.001 0.999 0.011 0.000 0.000 0.990 0.963 0.980 0.948 0.000 0.000 0.000 0.000 0.000 0.000 0.002 0.972 1.000 0.000 0.976 0.943 0.000 0.000 0.000 0.000 0.948 0.989 0.999 0.990 0.980 0.999 0.995 0.000 0.000
0.000 0.218 0.000 0.000 0.986 1.000 1.000 0.929 0.989 0.000 0.000 0.000 0.000 0.000 0.000 0.000 0.000 0.995 0.976 0.000 0.998 1.000 0.033 0.001 0.987 0.993 0.993 0.939 0.000 0.000 0.000 0.172 0.000 0.000
0.000 0.000 0.204 0.908 0.996 0.999 0.984 0.000 0.000 0.000 0.000 0.000 0.000 0.000 0.000 0.000 0.000 0.004 0.943 0.998 0.000 0.988 0.996 1.000 1.000 1.000 0.988 0.053 0.000 0.000 0.000 0.048 0.000 0.000
0.002 0.001 0.003 0.111 0.992 0.964 0.976 0.000 0.839 0.000 0.000 0.000 0.000 0.000 0.000 0.000 0.000 0.000 0.000 1.000 0.988 0.000 0.997 0.955 0.998 0.330 0.000 0.000 0.000 0.000 0.000 0.000 0.000 0.000
0.000 0.000 0.000 0.583 0.995 0.219 0.000 0.000 0.000 0.000 0.000 0.009 0.000 0.000 0.000 0.000 0.000 0.000 0.000 0.033 0.996 0.997 0.000 0.993 0.998 0.183 0.000 0.000 0.000 0.000 0.000 0.000 0.000 0.000
0.000 0.000 0.000 0.009 0.241 0.525 0.000 0.000 0.000 0.000 0.000 0.001 0.000 0.000 0.000 0.000 0.000 0.000 0.000 0.001 1.000 0.955 0.993 0.000 0.993 1.000 0.001 0.000 0.000 0.000 0.000 0.000 0.000 0.000
0.000 0.000 0.000 0.000 0.000 0.000 0.000 0.000 0.021 0.000 0.000 0.000 0.000 0.000 0.000 0.000 0.000 0.000 0.000 0.987 1.000 0.998 0.998 0.993 0.000 0.995 0.983 0.000 0.000 0.000 0.000 0.000 0.000 0.000
0.000 0.000 0.000 0.000 0.000 0.987 0.000 0.000 0.000 0.000 0.000 0.000 0.000 0.000 0.000 0.000 0.000 0.063 0.948 0.993 1.000 0.330 0.183 1.000 0.995 0.000 0.998 0.934 0.000 0.000 0.000 0.000 0.000 0.000
0.000 0.000 0.000 0.000 0.000 0.996 0.000 0.000 0.080 0.000 0.000 0.000 0.000 0.000 0.000 0.026 0.000 0.991 0.989 0.993 0.988 0.000 0.000 0.001 0.983 0.998 0.000 0.985 0.875 0.000 0.000 0.000 0.000 0.000
0.000 0.000 0.000 0.000 0.000 0.978 0.000 0.000 0.000 0.000 0.000 0.000 0.000 0.000 0.000 0.040 0.033 0.988 0.999 0.939 0.053 0.000 0.000 0.000 0.000 0.934 0.985 0.000 0.984 0.987 0.923 0.998 0.808 0.000
0.000 0.000 0.000 0.000 0.000 0.000 0.000 0.002 0.001 0.026 0.490 0.017 0.243 0.632 0.106 0.999 0.981 0.976 0.990 0.000 0.000 0.000 0.000 0.000 0.000 0.000 0.875 0.984 0.000 1.000 0.943 0.012 0.000 0.000
0.000 0.000 0.000 0.000 0.000 0.007 0.000 0.000 0.000 0.000 0.000 0.000 0.000 0.000 0.000 0.091 0.024 0.402 0.980 0.000 0.000 0.000 0.000 0.000 0.000 0.000 0.000 0.987 1.000 0.000 0.998 0.972 0.037 0.000
0.726 0.960 0.637 0.000 0.000 0.001 0.000 0.296 0.000 0.000 0.000 0.000 0.000 0.000 0.000 0.000 0.052 0.000 0.999 0.000 0.000 0.000 0.000 0.000 0.000 0.000 0.000 0.923 0.943 0.998 0.000 0.994 0.985 0.283
0.117 0.988 0.999 0.000 0.000 0.974 0.229 0.002 0.000 0.000 0.000 0.000 0.000 0.000 0.000 0.000 0.000 0.000 0.995 0.172 0.048 0.000 0.000 0.000 0.000 0.000 0.000 0.998 0.012 0.972 0.994 0.000 0.997 0.952
0.136 0.248 0.975 0.016 0.000 0.194 0.000 0.000 0.000 0.000 0.000 0.000 0.000 0.000 0.000 0.000 0.000 0.000 0.000 0.000 0.000 0.000 0.000 0.000 0.000 0.000 0.000 0.808 0.000 0.037 0.985 0.997 0.000 0.997
0.382 0.249 0.968 0.471 0.000 0.035 0.000 0.000 0.000 0.000 0.000 0.002 0.000 0.000 0.000 0.000 0.000 0.000 0.000 0.000 0.000 0.000 0.000 0.000 0.000 0.000 0.000 0.000 0.000 0.000 0.283 0.952 0.997 0.000
