0.000 0.987 0.936 0.266 0.012 0.010 0.001 0.001 0.000 0.000 0.000 0.026 0.016 0.008 0.005 0.000 0.000 0.000 0.000 0.000 0.000 0.000 0.000 0.000 0.000 0.000 0.000 0.000 0.000 0.000 0.598 0.186 0.243 0.429
0.987 0.000 0.995 0.940 0.007 0.987 0.972 0.962 0.000 0.000 0.000 0.000 0.000 0.000 0.000 0.000 0.000 0.000 0.995 0.189 0.000 0.000 0.000 0.000 0.000 0.000 0.000 0.000 0.000 0.000 0.983 0.998 0.364 0.351
0.936 0.995 0.000 0.993 0.957 0.989 0.000 0.000 0.000 0.000 0.000 0.001 0.003 0.000 0.000 0.000 0.000 0.000 0.008 0.000 0.279 0.000 0.000 0.000 0.000 0.000 0.000 0.000 0.000 0.000 0.405 0.994 0.964 0.907
0.266 0.940 0.993 0.000 0.996 0.985 0.000 0.000 0.000 0.000 0.000 0.008 0.028 0.006 0.000 0.000 0.000 0.000 0.000 0.000 0.936 0.003 0.777 0.019 0.000 0.000 0.000 0.000 0.000 0.000 0.000 0.000 0.014 0.466
0.012 0.007 0.957 0.996 0.000 0.983 0.963 0.000 0.000 0.000 0.000 0.000 0.000 0.000 0.000 0.000 0.000 0.000 0.000 0.963 1.000 0.996 0.992 0.211 0.000 0.000 0.000 0.000 0.000 0.000 0.000 0.000 0.000 0.000
0.010 0.987 0.989 0.985 0.983 0.000 1.000 0.966 0.000 0.000 0.000 0.000 0.000 0.000 0.000 0.000 0.000 0.020 0.995 1.000 0.996 0.950 0.222 0.698 0.000 0.986 0.995 0.993 0.000 0.019 0.004 1.000 0.224 0.056
0.001 0.972 0.000 0.000 0.963 1.000 0.000 0.999 1.000 0.000 0.000 0.000 0.000 0.000 0.000 0.000 0.000 0.998 0.999 1.000 0.983 0.922 0.000 0.000 0.000 0.000 0.000 0.000 0.000 0.000 0.000 0.290 0.000 0.000
0.001 0.962 0.000 0.000 0.000 0.966 0.999 0.000 0.999 0.997 0.000 0.000 0.000 0.000 0.000 0.000 0.993 0.997 1.000 0.979 0.000 0.000 0.000 0.000 0.000 0.000 0.000 0.000 0.001 0.000 0.317 0.001 0.000 0.000
0.000 0.000 0.000 0.000 0.000 0.000 1.000 0.999 0.000 0.999 0.946 0.013 0.000 0.000 0.000 0.907 0.992 1.000 1.000 1.000 0.000 0.295 0.000 0.000 0.017 0.000 0.092 0.000 0.001 0.000 0.000 0.000 0.000 0.000
0.000 0.000 0.000 0.000 0.000 0.000 0.000 0.997 0.999 0.000 0.993 0.987 0.029 0.072 0.941 0.964 1.000 1.000 0.000 0.000 0.000 0.000 0.000 0.000 0.000 0.000 0.000 0.000 0.143 0.000 0.000 0.000 0.000 0.000
0.000 0.000 0.000 0.000 0.000 0.000 0.000 0.000 0.946 0.993 0.000 1.000 0.970 0.985 0.992 0.999 0.989 0.980 0.000 0.000 0.000 0.000 0.000 0.000 0.000 0.000 0.000 0.000 0.970 0.000 0.000 0.000 0.000 0.000
0.026 0.000 0.001 0.008 0.000 0.000 0.000 0.000 0.013 0.987 1.000 0.000 0.997 0.978 0.981 0.152 0.000 0.595 0.000 0.000 0.000 0.000 0.000 0.000 0.000 0.000 0.000 0.000 0.007 0.000 0.000 0.000 0.001 0.008
0.016 0.000 0.003 0.028 0.000 0.000 0.000 0.000 0.000 0.029 0.970 0.997 0.000 0.994 0.976 0.058 0.000 0.000 0.000 0.000 0.000 0.000 0.000 0.000 0.000 0.000 0.000 0.000 0.049 0.000 0.000 0.000 0.001 0.028
0.008 0.000 0.000 0.006 0.000 0.000 0.000 0.000 0.000 0.072 0.985 0.978 0.994 0.000 0.997 0.996 0.000 0.005 0.000 0.000 0.000 0.000 0.000 0.000 0.000 0.000 0.000 0.000 0.679 0.000 0.000 0.000 0.000 0.001
0.005 0.000 0.000 0.000 0.000 0.000 0.000 0.000 0.000 0.941 0.992 0.981 0.976 0.997 0.000 1.000 0.966 0.000 0.000 0.000 0.000 0.000 0.000 0.000 0.000 0.000 0.000 0.000 0.002 0.000 0.000 0.000 0.000 0.000
0.000 0.000 0.000 0.000 0.000 0.000 0.000 0.000 0.907 0.964 0.999 0.152 0.058 0.996 1.000 0.000 0.997 0.952 0.000 0.000 0.000 0.000 0.000 0.000 0.000 0.000 0.000 0.000 0.999 0.196 0.000 0.000 0.000 0.000
0.000 0.000 0.000 0.000 0.000 0.000 0.000 0.993 0.992 1.000 0.989 0.000 0.000 0.000 0.966 0.997 0.000 0.997 0.987 0.000 0.000 0.000 0.000 0.000 0.000 0.000 0.000 0.095 0.993 0.055 0.033 0.000 0.000 0.000
0.000 0.000 0.000 0.000 0.000 0.020 0.998 0.997 1.000 1.000 0.980 0.595 0.000 0.005 0.000 0.952 0.997 0.000 1.000 1.000 0.000 0.000 0.000 0.000 0.000 0.037 0.997 1.000 0.983 0.590 0.000 0.000 0.000 0.000
0.000 0.995 0.008 0.000 0.000 0.995 0.999 1.000 1.000 0.000 0.000 0.000 0.000 0.000 0.000 0.000 0.987 1.000 0.000 1.000 0.954 0.000 0.000 0.000 0.000 0.963 0.990 0.999 0.961 0.980 1.000 0.998 0.000 0.000
0.000 0.189 0.000 0.000 0.963 1.000 1.000 0.979 1.000 0.000 0.000 0.000 0.000 0.000 0.000 0.000 0.000 1.000 1.000 0.000 1.000 0.997 0.043 0.001 0.993 1.000 1.000 0.995 0.000 0.000 0.000 0.182 0.000 0.000
0.000 0.000 0.279 0.936 1.000 0.996 0.983 0.000 0.000 0.000 0.000 0.000 0.000 0.000 0.000 0.000 0.000 0.000 0.954 1.000 0.000 1.000 0.998 0.997 0.994 1.000 0.980 0.026 0.000 0.000 0.000 0.056 0.000 0.000
0.000 0.000 0.000 0.003 0.996 0.950 0.922 0.000 0.295 0.000 0.000 0.000 0.000 0.000 0.000 0.000 0.000 0.000 0.000 0.997 1.000 0.000 1.000 0.997 0.998 0.311 0.000 0.000 0.000 0.000 0.000 0.000 0.000 0.000
0.000 0.000 0.000 0.777 0.992 0.222 0.000 0.000 0.000 0.000 0.000 0.000 0.000 0.000 0.000 0.000 0.000 0.000 0.000 0.043 0.998 1.000 0.000 1.000 1.000 0.256 0.000 0.000 0.000 0.000 0.000 0.000 0.000 0.000
0.000 0.000 0.000 0.019 0.211 0.698 0.000 0.000 0.000 0.000 0.000 0.000 0.000 0.000 0.000 0.000 0.000 0.000 0.000 0.001 0.997 0.997 1.000 0.000 1.000 0.995 0.001 0.000 0.000 0.000 0.000 0.000 0.000 0.000
0.000 0.000 0.000 0.000 0.000 0.000 0.000 0.000 0.017 0.000 0.000 0.000 0.000 0.000 0.000 0.000 0.000 0.000 0.000 0.993 0.994 0.998 1.000 1.000 0.000 0.994 0.948 0.000 0.000 0.000 0.000 0.000 0.000 0.000
0.000 0.000 0.000 0.000 0.000 0.986 0.000 0.000 0.000 0.000 0.000 0.000 0.000 0.000 0.000 0.000 0.000 0.037 0.963 1.000 1.000 0.311 0.256 0.995 0.994 0.000 0.991 0.962 0.000 0.000 0.000 0.000 0.000 0.000
0.000 0.000 0.000 0.000 0.000 0.995 0.000 0.000 0.092 0.000 0.000 0.000 0.000 0.000 0.000 0.000 0.000 0.997 0.990 1.000 0.980 0.000 0.000 0.001 0.948 0.991 0.000 0.993 0.926 0.000 0.000 0.000 0.000 0.000
0.000 0.000 0.000 0.000 0.000 0.993 0.000 0.000 0.000 0.000 0.000 0.000 0.000 0.000 0.000 0.000 0.095 1.000 0.999 0.995 0.026 0.000 0.000 0.000 0.000 0.962 0.993 0.000 0.982 0.995 0.978 0.997 0.757 0.000
0.000 0.000 0.000 0.000 0.000 0.000 0.000 0.001 0.001 0.143 0.970 0.007 0.049 0.679 0.002 0.999 0.993 0.983 0.961 0.000 0.000 0.000 0.000 0.000 0.000 0.000 0.926 0.982 0.000 1.000 0.960 0.006 0.000 0.000
0.000 0.000 0.000 0.000 0.000 0.019 0.000 0.000 0.000 0.000 0.000 0.000 0.000 0.000 0.000 0.196 0.055 0.590 0.980 0.000 0.000 0.000 0.000 0.000 0.000 0.000 0.000 0.995 1.000 0.000 0.997 0.977 0.016 0.000
0.598 0.983 0.405 0.000 0.000 0.004 0.000 0.317 0.000 0.000 0.000 0.000 0.000 0.000 0.000 0.000 0.033 0.000 1.000 0.000 0.000 0.000 0.000 0.000 0.000 0.000 0.000 0.978 0.960 0.997 0.000 1.000 0.987 0.254
0.186 0.998 0.994 0.000 0.000 1.000 0.290 0.001 0.000 0.000 0.000 0.000 0.000 0.000 0.000 0.000 0.000 0.000 0.998 0.182 0.056 0.000 0.000 0.000 0.000 0.000 0.000 0.997 0.006 0.977 1.000 0.000 0.993 0.902
0.243 0.364 0.964 0.014 0.000 0.224 0.000 0.000 0.000 0.000 0.000 0.001 0.001 0.000 0.000 0.000 0.000 0.000 0.000 0.000 0.000 0.000 0.000 0.000 0.000 0.000 0.000 0.757 0.000 0.016 0.987 0.993 0.000 0.981
0.429 0.351 0.907 0.466 0.000 0.056 0.000 0.000 0.000 0.000 0.000 0.008 0.028 0.001 0.000 0.000 0.000 0.000 0.000 0.000 0.000 0.000 0.000 0.000 0.000 0.000 0.000 0.000 0.000 0.000 0.254 0.902 0.981 0.000
