0.000 0.998 0.943 0.267 0.004 0.002 0.000 0.004 0.000 0.000 0.000 0.004 0.001 0.000 0.000 0.000 0.000 0.000 0.001 0.000 0.000 0.000 0.000 0.000 0.000 0.000 0.000 0.000 0.000 0.000 0.728 0.099 0.132 0.353
0.998 0.000 0.993 0.880 0.005 0.987 0.960 0.966 0.000 0.000 0.000 0.000 0.000 0.000 0.000 0.000 0.000 0.000 0.992 0.182 0.000 0.001 0.000 0.000 0.000 0.000 0.000 0.000 0.000 0.000 0.978 0.982 0.279 0.260
0.943 0.993 0.000 0.984 0.924 0.999 0.000 0.000 0.000 0.000 0.000 0.000 0.000 0.000 0.000 0.000 0.000 0.000 0.003 0.000 0.229 0.001 0.000 0.000 0.000 0.000 0.000 0.000 0.000 0.000 0.534 0.975 0.968 0.953
0.267 0.880 0.984 0.000 0.972 0.982 0.000 0.000 0.000 0.000 0.000 0.003 0.000 0.000 0.000 0.000 0.000 0.000 0.000 0.000 0.887 0.062 0.581 0.017 0.000 0.000 0.000 0.000 0.000 0.000 0.000 0.000 0.014 0.470
0.004 0.005 0.924 0.972 0.000 0.986 0.778 0.000 0.000 0.000 0.000 0.000 0.000 0.000 0.000 0.000 0.000 0.000 0.000 0.795 0.999 0.981 0.986 0.282 0.000 0.000 0.000 0.000 0.000 0.000 0.000 0.000 0.000 0.000
0.002 0.987 0.999 0.982 0.986 0.000 0.968 0.859 0.000 0.000 0.000 0.000 0.000 0.000 0.000 0.000 0.000 0.014 0.968 0.972 0.992 0.928 0.160 0.581 0.000 0.972 0.959 0.981 0.000 0.008 0.000 0.999 0.210 0.048
0.000 0.960 0.000 0.000 0.778 0.968 0.000 0.987 0.999 0.000 0.000 0.000 0.000 0.000 0.000 0.000 0.000 0.951 0.987 0.996 0.886 0.873 0.000 0.000 0.000 0.000 0.000 0.000 0.000 0.000 0.000 0.277 0.000 0.000
0.004 0.966 0.000 0.000 0.000 0.859 0.987 0.000 1.000 0.966 0.000 0.000 0.000 0.000 0.000 0.000 0.990 0.992 0.996 0.950 0.000 0.000 0.000 0.000 0.000 0.000 0.000 0.000 0.000 0.000 0.423 0.001 0.000 0.000
0.000 0.000 0.000 0.000 0.000 0.000 0.999 1.000 0.000 0.982 0.938 0.037 0.000 0.000 0.000 0.936 0.992 1.000 0.982 1.000 0.000 0.637 0.000 0.000 0.012 0.000 0.116 0.000 0.000 0.000 0.000 0.000 0.000 0.000
0.000 0.000 0.000 0.000 0.000 0.000 0.000 0.966 0.982 0.000 0.999 0.979 0.033 0.087 0.965 0.996 0.994 0.995 0.000 0.000 0.000 0.000 0.000 0.000 0.000 0.000 0.000 0.000 0.000 0.000 0.000 0.000 0.000 0.000
0.000 0.000 0.000 0.000 0.000 0.000 0.000 0.000 0.938 0.999 0.000 0.987 0.955 0.996 0.999 0.999 0.981 0.973 0.000 0.000 0.000 0.000 0.000 0.000 0.000 0.000 0.000 0.000 0.005 0.000 0.000 0.000 0.000 0.000
0.004 0.000 0.000 0.003 0.000 0.000 0.000 0.000 0.037 0.979 0.987 0.000 0.990 0.980 0.978 0.282 0.001 0.403 0.000 0.000 0.000 0.000 0.000 0.000 0.000 0.000 0.000 0.000 0.000 0.000 0.000 0.000 0.005 0.024
0.001 0.000 0.000 0.000 0.000 0.000 0.000 0.000 0.000 0.033 0.955 0.990 0.000 0.980 0.921 0.048 0.000 0.000 0.000 0.000 0.000 0.000 0.000 0.000 0.000 0.000 0.000 0.000 0.000 0.000 0.000 0.000 0.000 0.004
0.000 0.000 0.000 0.000 0.000 0.000 0.000 0.000 0.000 0.087 0.996 0.980 0.980 0.000 0.990 0.999 0.004 0.020 0.000 0.000 0.000 0.000 0.000 0.000 0.000 0.000 0.000 0.000 0.001 0.000 0.000 0.000 0.000 0.000
0.000 0.000 0.000 0.000 0.000 0.000 0.000 0.000 0.000 0.965 0.999 0.978 0.921 0.990 0.000 0.999 0.984 0.000 0.000 0.000 0.000 0.000 0.000 0.000 0.000 0.000 0.000 0.000 0.000 0.000 0.000 0.000 0.000 0.000
0.000 0.000 0.000 0.000 0.000 0.000 0.000 0.000 0.936 0.996 0.999 0.282 0.048 0.999 0.999 0.000 0.996 0.971 0.014 0.000 0.000 0.006 0.007 0.000 0.001 0.000 0.073 0.060 0.356 0.012 0.000 0.000 0.000 0.000
0.000 0.000 0.000 0.000 0.000 0.000 0.000 0.990 0.992 0.994 0.981 0.001 0.000 0.004 0.984 0.996 0.000 0.999 0.979 0.000 0.000 0.000 0.000 0.000 0.000 0.000 0.000 0.032 0.921 0.024 0.082 0.000 0.000 0.000
0.000 0.000 0.000 0.000 0.000 0.014 0.951 0.992 1.000 0.995 0.973 0.403 0.000 0.020 0.000 0.971 0.999 0.000 0.998 0.986 0.000 0.000 0.000 0.000 0.000 0.015 0.960 0.932 0.949 0.444 0.000 0.000 0.000 0.000
0.001 0.992 0.003 0.000 0.000 0.968 0.987 0.996 0.982 0.000 0.000 0.000 0.000 0.000 0.000 0.014 0.979 0.998 0.000 0.997 0.823 0.000 0.000 0.000 0.000 0.837 0.960 0.978 0.977 0.935 0.980 0.953 0.000 0.000
0.000 0.182 0.000 0.000 0.795 0.972 0.996 0.950 1.000 0.000 0.000 0.000 0.000 0.000 0.000 0.000 0.000 0.986 0.997 0.000 0.975 0.975 0.016 0.001 0.945 0.933 0.957 0.887 0.000 0.000 0.000 0.193 0.000 0.000
0.000 0.000 0.229 0.887 0.999 0.992 0.886 0.000 0.000 0.000 0.000 0.000 0.000 0.000 0.000 0.000 0.000 0.000 0.823 0.975 0.000 0.999 0.972 0.997 0.993 0.988 0.895 0.038 0.000 0.000 0.000 0.047 0.000 0.000
0.000 0.001 0.001 0.062 0.981 0.928 0.873 0.000 0.637 0.000 0.000 0.000 0.000 0.000 0.000 0.006 0.000 0.000 0.000 0.975 0.999 0.000 0.984 0.920 0.994 0.242 0.000 0.000 0.000 0.000 0.000 0.000 0.000 0.000
0.000 0.000 0.000 0.581 0.986 0.160 0.000 0.000 0.000 0.000 0.000 0.000 0.000 0.000 0.000 0.007 0.000 0.000 0.000 0.016 0.972 0.984 0.000 0.998 0.972 0.160 0.000 0.000 0.000 0.000 0.000 0.000 0.000 0.000
0.000 0.000 0.000 0.017 0.282 0.581 0.000 0.000 0.000 0.000 0.000 0.000 0.000 0.000 0.000 0.000 0.000 0.000 0.000 0.001 0.997 0.920 0.998 0.000 0.977 0.978 0.001 0.000 0.000 0.000 0.000 0.000 0.000 0.000
0.000 0.000 0.000 0.000 0.000 0.000 0.000 0.000 0.012 0.000 0.000 0.000 0.000 0.000 0.000 0.001 0.000 0.000 0.000 0.945 0.993 0.994 0.972 0.977 0.000 0.990 0.864 0.000 0.000 0.000 0.000 0.000 0.000 0.000
0.000 0.000 0.000 0.000 0.000 0.972 0.000 0.000 0.000 0.000 0.000 0.000 0.000 0.000 0.000 0.000 0.000 0.015 0.837 0.933 0.988 0.242 0.160 0.978 0.990 0.000 0.978 0.897 0.000 0.000 0.000 0.000 0.000 0.000
0.000 0.000 0.000 0.000 0.000 0.959 0.000 0.000 0.116 0.000 0.000 0.000 0.000 0.000 0.000 0.073 0.000 0.960 0.960 0.957 0.895 0.000 0.000 0.001 0.864 0.978 0.000 0.987 0.908 0.000 0.000 0.000 0.000 0.000
0.000 0.000 0.000 0.000 0.000 0.981 0.000 0.000 0.000 0.000 0.000 0.000 0.000 0.000 0.000 0.060 0.032 0.932 0.978 0.887 0.038 0.000 0.000 0.000 0.000 0.897 0.987 0.000 1.000 0.994 0.961 0.988 0.751 0.000
0.000 0.000 0.000 0.000 0.000 0.000 0.000 0.000 0.000 0.000 0.005 0.000 0.000 0.001 0.000 0.356 0.921 0.949 0.977 0.000 0.000 0.000 0.000 0.000 0.000 0.000 0.908 1.000 0.000 0.987 0.949 0.014 0.000 0.000
0.000 0.000 0.000 0.000 0.000 0.008 0.000 0.000 0.000 0.000 0.000 0.000 0.000 0.000 0.000 0.012 0.024 0.444 0.935 0.000 0.000 0.000 0.000 0.000 0.000 0.000 0.000 0.994 0.987 0.000 0.997 0.985 0.036 0.000
0.728 0.978 0.534 0.000 0.000 0.000 0.000 0.423 0.000 0.000 0.000 0.000 0.000 0.000 0.000 0.000 0.082 0.000 0.980 0.000 0.000 0.000 0.000 0.000 0.000 0.000 0.000 0.961 0.949 0.997 0.000 0.998 0.918 0.247
0.099 0.982 0.975 0.000 0.000 0.999 0.277 0.001 0.000 0.000 0.000 0.000 0.000 0.000 0.000 0.000 0.000 0.000 0.953 0.193 0.047 0.000 0.000 0.000 0.000 0.000 0.000 0.988 0.014 0.985 0.998 0.000 0.982 0.864
0.132 0.279 0.968 0.014 0.000 0.210 0.000 0.000 0.000 0.000 0.000 0.005 0.000 0.000 0.000 0.000 0.000 0.000 0.000 0.000 0.000 0.000 0.000 0.000 0.000 0.000 0.000 0.751 0.000 0.036 0.918 0.982 0.000 0.994
0.353 0.260 0.953 0.470 0.000 0.048 0.000 0.000 0.000 0.000 0.000 0.024 0.004 0.000 0.000 0.000 0.000 0.000 0.000 0.000 0.000 0.000 0.000 0.000 0.000 0.000 0.000 0.000 0.000 0.000 0.247 0.864 0.994 0.000
