0.000 1.000 1.000 0.287 0.011 0.008 0.001 0.004 0.000 0.000 0.000 0.010 0.009 0.000 0.000 0.000 0.000 0.000 0.001 0.000 0.000 0.001 0.000 0.000 0.000 0.000 0.000 0.000 0.000 0.000 0.869 0.343 0.382 0.616
1.000 0.000 0.999 0.993 0.005 0.973 0.964 0.959 0.000 0.000 0.000 0.000 0.000 0.000 0.000 0.000 0.000 0.000 0.971 0.183 0.000 0.002 0.000 0.000 0.000 0.000 0.000 0.000 0.000 0.000 0.994 0.963 0.481 0.543
1.000 0.999 0.000 1.000 1.000 1.000 0.016 0.004 0.000 0.000 0.000 0.002 0.000 0.000 0.000 0.000 0.000 0.000 0.039 0.000 0.307 0.003 0.000 0.000 0.000 0.000 0.000 0.000 0.000 0.000 0.471 1.000 0.996 0.987
0.287 0.993 1.000 0.000 1.000 1.000 0.000 0.000 0.000 0.000 0.000 0.003 0.000 0.000 0.000 0.000 0.000 0.000 0.000 0.000 0.822 0.043 0.704 0.012 0.000 0.000 0.000 0.000 0.000 0.000 0.001 0.012 0.045 0.573
0.011 0.005 1.000 1.000 0.000 1.000 0.981 0.000 0.000 0.000 0.000 0.000 0.000 0.000 0.000 0.000 0.000 0.000 0.000 0.989 1.000 1.000 0.998 0.181 0.000 0.000 0.000 0.000 0.000 0.000 0.000 0.000 0.000 0.000
0.008 0.973 1.000 1.000 1.000 0.000 0.998 0.952 0.000 0.000 0.000 0.000 0.000 0.000 0.000 0.000 0.000 0.017 0.994 1.000 1.000 0.994 0.164 0.609 0.000 0.975 0.980 0.998 0.000 0.055 0.002 1.000 0.164 0.017
0.001 0.964 0.016 0.000 0.981 0.998 0.000 0.991 1.000 0.000 0.000 0.000 0.000 0.000 0.000 0.000 0.000 0.968 1.000 1.000 0.987 0.931 0.000 0.000 0.000 0.000 0.000 0.000 0.000 0.000 0.000 0.200 0.000 0.000
0.004 0.959 0.004 0.000 0.000 0.952 0.991 0.000 1.000 0.947 0.000 0.000 0.000 0.000 0.000 0.000 0.997 1.000 1.000 0.958 0.000 0.000 0.000 0.000 0.000 0.000 0.000 0.000 0.001 0.000 0.602 0.001 0.000 0.000
0.000 0.000 0.000 0.000 0.000 0.000 1.000 1.000 0.000 0.973 0.891 0.063 0.000 0.000 0.000 0.907 0.983 1.000 0.997 1.000 0.001 0.804 0.000 0.000 0.040 0.000 0.187 0.000 0.001 0.000 0.000 0.000 0.000 0.000
0.000 0.000 0.000 0.000 0.000 0.000 0.000 0.947 0.973 0.000 0.998 0.951 0.018 0.061 0.976 0.990 0.986 0.985 0.000 0.000 0.000 0.000 0.000 0.000 0.000 0.000 0.000 0.000 0.142 0.000 0.000 0.000 0.000 0.000
0.000 0.000 0.000 0.000 0.000 0.000 0.000 0.000 0.891 0.998 0.000 0.983 0.944 0.975 0.999 0.999 0.938 0.956 0.000 0.000 0.000 0.000 0.000 0.000 0.000 0.000 0.000 0.000 0.919 0.000 0.000 0.000 0.000 0.000
0.010 0.000 0.002 0.003 0.000 0.000 0.000 0.000 0.063 0.951 0.983 0.000 0.990 0.959 0.969 0.154 0.000 0.529 0.000 0.000 0.000 0.000 0.000 0.000 0.000 0.000 0.000 0.000 0.003 0.000 0.000 0.000 0.004 0.035
0.009 0.000 0.000 0.000 0.000 0.000 0.000 0.000 0.000 0.018 0.944 0.990 0.000 0.984 0.948 0.064 0.000 0.000 0.000 0.000 0.000 0.000 0.000 0.000 0.000 0.000 0.000 0.000 0.071 0.000 0.000 0.000 0.000 0.004
0.000 0.000 0.000 0.000 0.000 0.000 0.000 0.000 0.000 0.061 0.975 0.959 0.984 0.000 0.986 0.973 0.000 0.012 0.000 0.000 0.000 0.000 0.000 0.000 0.000 0.000 0.000 0.000 0.584 0.000 0.000 0.000 0.000 0.000
0.000 0.000 0.000 0.000 0.000 0.000 0.000 0.000 0.000 0.976 0.999 0.969 0.948 0.986 0.000 0.994 0.900 0.000 0.000 0.000 0.000 0.000 0.000 0.000 0.000 0.000 0.000 0.000 0.001 0.000 0.000 0.000 0.000 0.000
0.000 0.000 0.000 0.000 0.000 0.000 0.000 0.000 0.907 0.990 0.999 0.154 0.064 0.973 0.994 0.000 1.000 0.972 0.012 0.000 0.000 0.000 0.000 0.000 0.000 0.000 0.000 0.000 0.973 0.155 0.002 0.000 0.000 0.000
0.000 0.000 0.000 0.000 0.000 0.000 0.000 0.997 0.983 0.986 0.938 0.000 0.000 0.000 0.900 1.000 0.000 0.996 0.981 0.000 0.000 0.000 0.000 0.000 0.000 0.000 0.000 0.090 0.992 0.035 0.072 0.000 0.000 0.000
0.000 0.000 0.000 0.000 0.000 0.017 0.968 1.000 1.000 0.985 0.956 0.529 0.000 0.012 0.000 0.972 0.996 0.000 1.000 0.990 0.001 0.000 0.000 0.000 0.000 0.031 0.985 0.995 0.995 0.576 0.000 0.000 0.000 0.000
0.001 0.971 0.039 0.000 0.000 0.994 1.000 1.000 0.997 0.000 0.000 0.000 0.000 0.000 0.000 0.012 0.981 1.000 0.000 1.000 0.986 0.000 0.000 0.000 0.000 0.984 0.997 1.000 0.988 0.998 1.000 0.999 0.000 0.000
0.000 0.183 0.000 0.000 0.989 1.000 1.000 0.958 1.000 0.000 0.000 0.000 0.000 0.000 0.000 0.000 0.000 0.990 1.000 0.000 0.999 1.000 0.010 0.001 0.992 0.996 1.000 0.998 0.000 0.000 0.000 0.116 0.000 0.000
0.000 0.000 0.307 0.822 1.000 1.000 0.987 0.000 0.001 0.000 0.000 0.000 0.000 0.000 0.000 0.000 0.000 0.001 0.986 0.999 0.000 1.000 1.000 0.995 0.998 1.000 1.000 0.140 0.000 0.000 0.000 0.080 0.000 0.000
0.001 0.002 0.003 0.043 1.000 0.994 0.931 0.000 0.804 0.000 0.000 0.000 0.000 0.000 0.000 0.000 0.000 0.000 0.000 1.000 1.000 0.000 1.000 0.995 1.000 0.423 0.000 0.000 0.000 0.000 0.000 0.000 0.000 0.000
0.000 0.000 0.000 0.704 0.998 0.164 0.000 0.000 0.000 0.000 0.000 0.000 0.000 0.000 0.000 0.000 0.000 0.000 0.000 0.010 1.000 1.000 0.000 1.000 1.000 0.182 0.000 0.000 0.000 0.000 0.000 0.000 0.000 0.000
0.000 0.000 0.000 0.012 0.181 0.609 0.000 0.000 0.000 0.000 0.000 0.000 0.000 0.000 0.000 0.000 0.000 0.000 0.000 0.001 0.995 0.995 1.000 0.000 1.000 0.999 0.006 0.021 0.000 0.000 0.000 0.000 0.000 0.000
0.000 0.000 0.000 0.000 0.000 0.000 0.000 0.000 0.040 0.000 0.000 0.000 0.000 0.000 0.000 0.000 0.000 0.000 0.000 0.992 0.998 1.000 1.000 1.000 0.000 1.000 0.991 0.000 0.000 0.000 0.000 0.000 0.000 0.000
0.000 0.000 0.000 0.000 0.000 0.975 0.000 0.000 0.000 0.000 0.000 0.000 0.000 0.000 0.000 0.000 0.000 0.031 0.984 0.996 1.000 0.423 0.182 0.999 1.000 0.000 1.000 0.995 0.000 0.000 0.000 0.000 0.000 0.000
0.000 0.000 0.000 0.000 0.000 0.980 0.000 0.000 0.187 0.000 0.000 0.000 0.000 0.000 0.000 0.000 0.000 0.985 0.997 1.000 1.000 0.000 0.000 0.006 0.991 1.000 0.000 1.000 0.949 0.000 0.000 0.000 0.000 0.000
0.000 0.000 0.000 0.000 0.000 0.998 0.000 0.000 0.000 0.000 0.000 0.000 0.000 0.000 0.000 0.000 0.090 0.995 1.000 0.998 0.140 0.000 0.000 0.021 0.000 0.995 1.000 0.000 0.992 0.997 0.902 0.982 0.571 0.000
0.000 0.000 0.000 0.000 0.000 0.000 0.000 0.001 0.001 0.142 0.919 0.003 0.071 0.584 0.001 0.973 0.992 0.995 0.988 0.000 0.000 0.000 0.000 0.000 0.000 0.000 0.949 0.992 0.000 1.000 0.988 0.008 0.000 0.000
0.000 0.000 0.000 0.000 0.000 0.055 0.000 0.000 0.000 0.000 0.000 0.000 0.000 0.000 0.000 0.155 0.035 0.576 0.998 0.000 0.000 0.000 0.000 0.000 0.000 0.000 0.000 0.997 1.000 0.000 1.000 0.978 0.032 0.000
0.869 0.994 0.471 0.001 0.000 0.002 0.000 0.602 0.000 0.000 0.000 0.000 0.000 0.000 0.000 0.002 0.072 0.000 1.000 0.000 0.000 0.000 0.000 0.000 0.000 0.000 0.000 0.902 0.988 1.000 0.000 0.996 0.986 0.267
0.343 0.963 1.000 0.012 0.000 1.000 0.200 0.001 0.000 0.000 0.000 0.000 0.000 0.000 0.000 0.000 0.000 0.000 0.999 0.116 0.080 0.000 0.000 0.000 0.000 0.000 0.000 0.982 0.008 0.978 0.996 0.000 1.000 0.994
0.382 0.481 0.996 0.045 0.000 0.164 0.000 0.000 0.000 0.000 0.000 0.004 0.000 0.000 0.000 0.000 0.000 0.000 0.000 0.000 0.000 0.000 0.000 0.000 0.000 0.000 0.000 0.571 0.000 0.032 0.986 1.000 0.000 1.000
0.616 0.543 0.987 0.573 0.000 0.017 0.000 0.000 0.000 0.000 0.000 0.035 0.004 0.000 0.000 0.000 0.000 0.000 0.000 0.000 0.000 0.000 0.000 0.000 0.000 0.000 0.000 0.000 0.000 0.000 0.267 0.994 1.000 0.000
