0.000 0.993 0.933 0.147 0.001 0.001 0.000 0.002 0.000 0.000 0.000 0.004 0.024 0.013 0.000 0.002 0.000 0.000 0.002 0.000 0.000 0.000 0.000 0.000 0.000 0.000 0.000 0.000 0.000 0.000 0.596 0.566 0.624 0.604
0.993 0.000 0.998 0.977 0.006 0.993 0.984 0.985 0.000 0.000 0.000 0.000 0.000 0.000 0.000 0.000 0.000 0.000 0.999 0.223 0.000 0.001 0.000 0.000 0.000 0.000 0.000 0.002 0.000 0.021 0.989 0.766 0.580 0.130
0.933 0.998 0.000 1.000 0.979 0.996 0.001 0.000 0.000 0.000 0.000 0.000 0.000 0.000 0.000 0.000 0.000 0.000 0.022 0.000 0.295 0.001 0.004 0.000 0.000 0.000 0.000 0.004 0.000 0.000 0.919 0.621 0.615 0.235
0.147 0.977 1.000 0.000 0.995 1.000 0.000 0.000 0.000 0.000 0.000 0.000 0.000 0.000 0.000 0.000 0.000 0.000 0.000 0.000 0.924 0.074 0.806 0.021 0.000 0.000 0.000 0.000 0.000 0.000 0.014 0.003 0.024 0.148
0.001 0.006 0.979 0.995 0.000 1.000 0.992 0.000 0.000 0.000 0.000 0.000 0.000 0.000 0.000 0.000 0.000 0.000 0.000 0.996 1.000 1.000 0.996 0.191 0.000 0.000 0.000 0.000 0.000 0.000 0.000 0.000 0.000 0.000
0.001 0.993 0.996 1.000 1.000 0.000 1.000 0.892 0.000 0.000 0.000 0.000 0.000 0.000 0.000 0.000 0.000 0.035 0.960 1.000 1.000 0.988 0.230 0.648 0.000 0.984 0.992 0.994 0.000 0.048 0.710 0.231 0.016 0.006
0.000 0.984 0.001 0.000 0.992 1.000 0.000 0.963 1.000 0.000 0.000 0.000 0.000 0.000 0.000 0.000 0.000 0.892 0.988 1.000 0.993 0.922 0.000 0.000 0.000 0.000 0.000 0.000 0.000 0.000 0.013 0.000 0.000 0.000
0.002 0.985 0.000 0.000 0.000 0.892 0.963 0.000 1.000 0.991 0.000 0.000 0.000 0.000 0.000 0.000 0.994 0.999 1.000 0.935 0.000 0.000 0.000 0.000 0.000 0.000 0.000 0.000 0.003 0.008 0.102 0.191 0.001 0.000
0.000 0.000 0.000 0.000 0.000 0.000 1.000 1.000 0.000 0.998 0.954 0.058 0.000 0.000 0.000 0.923 0.967 1.000 0.996 1.000 0.001 0.767 0.000 0.000 0.008 0.000 0.095 0.000 0.000 0.000 0.000 0.000 0.000 0.005
0.000 0.000 0.000 0.000 0.000 0.000 0.000 0.991 0.998 0.000 1.000 0.954 0.016 0.047 0.953 0.989 0.996 0.997 0.000 0.000 0.000 0.000 0.000 0.000 0.000 0.000 0.000 0.000 0.020 0.000 0.000 0.000 0.000 0.000
0.000 0.000 0.000 0.000 0.000 0.000 0.000 0.000 0.954 1.000 0.000 0.978 0.924 0.969 0.968 0.998 0.985 0.985 0.000 0.000 0.000 0.000 0.000 0.000 0.000 0.000 0.000 0.000 0.838 0.000 0.000 0.000 0.000 0.000
0.004 0.000 0.000 0.000 0.000 0.000 0.000 0.000 0.058 0.954 0.978 0.000 0.996 0.957 0.929 0.228 0.001 0.545 0.000 0.000 0.000 0.000 0.000 0.001 0.000 0.000 0.000 0.000 0.040 0.000 0.000 0.000 0.023 0.069
0.024 0.000 0.000 0.000 0.000 0.000 0.000 0.000 0.000 0.016 0.924 0.996 0.000 0.980 0.935 0.062 0.000 0.004 0.000 0.000 0.000 0.000 0.000 0.000 0.000 0.000 0.000 0.000 0.058 0.000 0.000 0.000 0.000 0.014
0.013 0.000 0.000 0.000 0.000 0.000 0.000 0.000 0.000 0.047 0.969 0.957 0.980 0.000 0.996 0.989 0.007 0.044 0.000 0.000 0.000 0.000 0.000 0.000 0.000 0.000 0.000 0.000 0.652 0.000 0.000 0.000 0.000 0.002
0.000 0.000 0.000 0.000 0.000 0.000 0.000 0.000 0.000 0.953 0.968 0.929 0.935 0.996 0.000 0.989 0.900 0.000 0.000 0.000 0.000 0.000 0.000 0.000 0.000 0.000 0.000 0.000 0.007 0.000 0.000 0.000 0.000 0.000
0.002 0.000 0.000 0.000 0.000 0.000 0.000 0.000 0.923 0.989 0.998 0.228 0.062 0.989 0.989 0.000 1.000 0.973 0.000 0.000 0.000 0.000 0.013 0.001 0.000 0.000 0.000 0.000 0.866 0.062 0.000 0.000 0.000 0.000
0.000 0.000 0.000 0.000 0.000 0.000 0.000 0.994 0.967 0.996 0.985 0.001 0.000 0.007 0.900 1.000 0.000 0.993 0.987 0.000 0.000 0.000 0.000 0.000 0.000 0.000 0.000 0.043 0.994 0.097 0.015 0.001 0.000 0.000
0.000 0.000 0.000 0.000 0.000 0.035 0.892 0.999 1.000 0.997 0.985 0.545 0.004 0.044 0.000 0.973 0.993 0.000 1.000 0.957 0.002 0.000 0.000 0.000 0.000 0.059 0.978 0.998 0.998 0.600 0.000 0.000 0.000 0.000
0.002 0.999 0.022 0.000 0.000 0.960 0.988 1.000 0.996 0.000 0.000 0.000 0.000 0.000 0.000 0.000 0.987 1.000 0.000 0.979 0.921 0.000 0.000 0.000 0.000 0.928 0.994 1.000 0.986 0.984 0.998 0.864 0.007 0.000
0.000 0.223 0.000 0.000 0.996 1.000 1.000 0.935 1.000 0.000 0.000 0.000 0.000 0.000 0.000 0.000 0.000 0.957 0.979 0.000 1.000 1.000 0.016 0.002 0.992 0.999 0.993 0.936 0.001 0.000 0.013 0.000 0.000 0.000
0.000 0.000 0.295 0.924 1.000 1.000 0.993 0.000 0.001 0.000 0.000 0.000 0.000 0.000 0.000 0.000 0.000 0.002 0.921 1.000 0.000 1.000 1.000 1.000 1.000 1.000 0.970 0.081 0.000 0.000 0.166 0.007 0.000 0.000
0.000 0.001 0.001 0.074 1.000 0.988 0.922 0.000 0.767 0.000 0.000 0.000 0.000 0.000 0.000 0.000 0.000 0.000 0.000 1.000 1.000 0.000 1.000 1.000 1.000 0.415 0.000 0.000 0.000 0.000 0.000 0.000 0.000 0.000
0.000 0.000 0.004 0.806 0.996 0.230 0.000 0.000 0.000 0.000 0.000 0.000 0.000 0.000 0.000 0.013 0.000 0.000 0.000 0.016 1.000 1.000 0.000 1.000 1.000 0.181 0.000 0.000 0.000 0.000 0.000 0.000 0.000 0.000
0.000 0.000 0.000 0.021 0.191 0.648 0.000 0.000 0.000 0.000 0.000 0.001 0.000 0.000 0.000 0.001 0.000 0.000 0.000 0.002 1.000 1.000 1.000 0.000 1.000 1.000 0.002 0.002 0.000 0.000 0.001 0.000 0.000 0.000
0.000 0.000 0.000 0.000 0.000 0.000 0.000 0.000 0.008 0.000 0.000 0.000 0.000 0.000 0.000 0.000 0.000 0.000 0.000 0.992 1.000 1.000 1.000 1.000 0.000 1.000 0.973 0.000 0.000 0.000 0.000 0.000 0.000 0.000
0.000 0.000 0.000 0.000 0.000 0.984 0.000 0.000 0.000 0.000 0.000 0.000 0.000 0.000 0.000 0.000 0.000 0.059 0.928 0.999 1.000 0.415 0.181 1.000 1.000 0.000 0.988 0.960 0.000 0.000 0.004 0.000 0.000 0.000
0.000 0.000 0.000 0.000 0.000 0.992 0.000 0.000 0.095 0.000 0.000 0.000 0.000 0.000 0.000 0.000 0.000 0.978 0.994 0.993 0.970 0.000 0.000 0.002 0.973 0.988 0.000 1.000 0.843 0.000 0.001 0.000 0.000 0.000
0.000 0.002 0.004 0.000 0.000 0.994 0.000 0.000 0.000 0.000 0.000 0.000 0.000 0.000 0.000 0.000 0.043 0.998 1.000 0.936 0.081 0.000 0.000 0.002 0.000 0.960 1.000 0.000 0.980 0.972 0.908 0.255 0.033 0.002
0.000 0.000 0.000 0.000 0.000 0.000 0.000 0.003 0.000 0.020 0.838 0.040 0.058 0.652 0.007 0.866 0.994 0.998 0.986 0.001 0.000 0.000 0.000 0.000 0.000 0.000 0.843 0.980 0.000 0.997 0.961 0.003 0.000 0.000
0.000 0.021 0.000 0.000 0.000 0.048 0.000 0.008 0.000 0.000 0.000 0.000 0.000 0.000 0.000 0.062 0.097 0.600 0.984 0.000 0.000 0.000 0.000 0.000 0.000 0.000 0.000 0.972 0.997 0.000 1.000 0.999 0.076 0.011
0.596 0.989 0.919 0.014 0.000 0.710 0.013 0.102 0.000 0.000 0.000 0.000 0.000 0.000 0.000 0.000 0.015 0.000 0.998 0.013 0.166 0.000 0.000 0.001 0.000 0.004 0.001 0.908 0.961 1.000 0.000 0.999 0.986 0.149
0.566 0.766 0.621 0.003 0.000 0.231 0.000 0.191 0.000 0.000 0.000 0.000 0.000 0.000 0.000 0.000 0.001 0.000 0.864 0.000 0.007 0.000 0.000 0.000 0.000 0.000 0.000 0.255 0.003 0.999 0.999 0.000 0.998 0.935
0.624 0.580 0.615 0.024 0.000 0.016 0.000 0.001 0.000 0.000 0.000 0.023 0.000 0.000 0.000 0.000 0.000 0.000 0.007 0.000 0.000 0.000 0.000 0.000 0.000 0.000 0.000 0.033 0.000 0.076 0.986 0.998 0.000 0.981
0.604 0.130 0.235 0.148 0.000 0.006 0.000 0.000 0.005 0.000 0.000 0.069 0.014 0.002 0.000 0.000 0.000 0.000 0.000 0.000 0.000 0.000 0.000 0.000 0.000 0.000 0.000 0.002 0.000 0.011 0.149 0.935 0.981 0.000
