0.000 1.000 0.993 0.270 0.008 0.007 0.001 0.002 0.000 0.000 0.000 0.001 0.000 0.000 0.000 0.000 0.000 0.000 0.000 0.000 0.000 0.001 0.000 0.000 0.000 0.000 0.000 0.000 0.000 0.000 0.729 0.111 0.152 0.373
1.000 0.000 0.998 0.967 0.007 0.994 0.966 0.967 0.000 0.000 0.000 0.000 0.000 0.000 0.000 0.000 0.000 0.000 0.996 0.202 0.000 0.001 0.000 0.000 0.000 0.000 0.000 0.000 0.000 0.000 0.969 0.990 0.279 0.311
0.993 0.998 0.000 0.996 0.941 1.000 0.001 0.000 0.000 0.000 0.000 0.000 0.000 0.000 0.000 0.000 0.000 0.000 0.009 0.000 0.300 0.003 0.000 0.000 0.000 0.000 0.000 0.000 0.000 0.000 0.583 0.997 0.989 0.762
0.270 0.967 0.996 0.000 0.990 0.998 0.000 0.000 0.000 0.000 0.000 0.000 0.000 0.000 0.000 0.000 0.000 0.000 0.000 0.000 0.945 0.108 0.861 0.017 0.000 0.000 0.000 0.000 0.000 0.000 0.000 0.001 0.022 0.347
0.008 0.007 0.941 0.990 0.000 0.977 0.955 0.000 0.000 0.000 0.000 0.000 0.000 0.000 0.000 0.000 0.000 0.000 0.000 0.943 0.993 0.972 0.985 0.296 0.000 0.000 0.000 0.000 0.000 0.000 0.000 0.000 0.000 0.000
0.007 0.994 1.000 0.998 0.977 0.000 0.986 0.939 0.000 0.000 0.000 0.000 0.000 0.000 0.000 0.000 0.000 0.030 0.998 0.986 0.996 0.892 0.153 0.601 0.000 0.977 0.993 1.000 0.000 0.011 0.001 0.999 0.223 0.033
0.001 0.966 0.001 0.000 0.955 0.986 0.000 1.000 1.000 0.000 0.000 0.000 0.000 0.000 0.000 0.000 0.000 0.959 0.959 1.000 0.961 0.951 0.000 0.000 0.000 0.000 0.000 0.000 0.000 0.000 0.000 0.260 0.000 0.000
0.002 0.967 0.000 0.000 0.000 0.939 1.000 0.000 1.000 0.989 0.000 0.000 0.000 0.000 0.000 0.000 1.000 0.999 0.992 0.985 0.000 0.000 0.000 0.000 0.000 0.000 0.000 0.000 0.005 0.000 0.367 0.001 0.000 0.000
0.000 0.000 0.000 0.000 0.000 0.000 1.000 1.000 0.000 0.999 0.989 0.056 0.000 0.004 0.000 0.993 0.991 1.000 0.966 1.000 0.001 0.825 0.000 0.000 0.017 0.000 0.072 0.000 0.000 0.000 0.000 0.000 0.000 0.000
0.000 0.000 0.000 0.000 0.000 0.000 0.000 0.989 0.999 0.000 1.000 0.975 0.033 0.118 0.963 0.999 0.983 0.999 0.000 0.000 0.000 0.000 0.000 0.000 0.000 0.000 0.000 0.000 0.001 0.000 0.000 0.000 0.000 0.000
0.000 0.000 0.000 0.000 0.000 0.000 0.000 0.000 0.989 1.000 0.000 0.976 0.954 0.998 1.000 0.999 0.977 0.998 0.000 0.000 0.000 0.000 0.000 0.000 0.000 0.000 0.000 0.000 0.612 0.000 0.000 0.000 0.000 0.000
0.001 0.000 0.000 0.000 0.000 0.000 0.000 0.000 0.056 0.975 0.976 0.000 0.995 0.968 0.969 0.260 0.000 0.431 0.000 0.000 0.000 0.000 0.000 0.000 0.000 0.000 0.000 0.000 0.000 0.000 0.001 0.000 0.017 0.030
0.000 0.000 0.000 0.000 0.000 0.000 0.000 0.000 0.000 0.033 0.954 0.995 0.000 0.989 0.957 0.046 0.000 0.006 0.000 0.000 0.000 0.000 0.000 0.000 0.000 0.000 0.000 0.000 0.005 0.000 0.000 0.000 0.000 0.000
0.000 0.000 0.000 0.000 0.000 0.000 0.000 0.000 0.004 0.118 0.998 0.968 0.989 0.000 0.999 0.996 0.011 0.069 0.000 0.000 0.000 0.000 0.000 0.000 0.000 0.000 0.000 0.000 0.393 0.000 0.000 0.000 0.000 0.000
0.000 0.000 0.000 0.000 0.000 0.000 0.000 0.000 0.000 0.963 1.000 0.969 0.957 0.999 0.000 0.992 0.972 0.000 0.000 0.000 0.000 0.000 0.000 0.000 0.000 0.000 0.000 0.000 0.003 0.000 0.000 0.000 0.000 0.000
0.000 0.000 0.000 0.000 0.000 0.000 0.000 0.000 0.993 0.999 0.999 0.260 0.046 0.996 0.992 0.000 1.000 1.000 0.001 0.000 0.000 0.000 0.000 0.000 0.000 0.000 0.000 0.001 0.845 0.064 0.000 0.000 0.000 0.000
0.000 0.000 0.000 0.000 0.000 0.000 0.000 1.000 0.991 0.983 0.977 0.000 0.000 0.011 0.972 1.000 0.000 1.000 0.993 0.000 0.000 0.000 0.000 0.000 0.000 0.000 0.000 0.038 0.989 0.019 0.029 0.000 0.000 0.000
0.000 0.000 0.000 0.000 0.000 0.030 0.959 0.999 1.000 0.999 0.998 0.431 0.006 0.069 0.000 1.000 1.000 0.000 0.998 0.997 0.003 0.000 0.000 0.000 0.000 0.052 0.982 0.975 0.991 0.403 0.000 0.000 0.000 0.000
0.000 0.996 0.009 0.000 0.000 0.998 0.959 0.992 0.966 0.000 0.000 0.000 0.000 0.000 0.000 0.001 0.993 0.998 0.000 0.992 0.912 0.000 0.000 0.000 0.000 0.933 0.973 1.000 0.997 0.989 0.998 0.995 0.000 0.000
0.000 0.202 0.000 0.000 0.943 0.986 1.000 0.985 1.000 0.000 0.000 0.000 0.000 0.000 0.000 0.000 0.000 0.997 0.992 0.000 0.999 0.998 0.025 0.000 0.985 0.981 0.996 0.956 0.000 0.000 0.000 0.172 0.000 0.000
0.000 0.000 0.300 0.945 0.993 0.996 0.961 0.000 0.001 0.000 0.000 0.000 0.000 0.000 0.000 0.000 0.000 0.003 0.912 0.999 0.000 0.979 0.990 0.994 0.988 0.996 0.960 0.039 0.000 0.000 0.000 0.058 0.000 0.001
0.001 0.001 0.003 0.108 0.972 0.892 0.951 0.000 0.825 0.000 0.000 0.000 0.000 0.000 0.000 0.000 0.000 0.000 0.000 0.998 0.979 0.000 0.986 0.929 0.987 0.318 0.000 0.000 0.000 0.000 0.000 0.000 0.000 0.000
0.000 0.000 0.000 0.861 0.985 0.153 0.000 0.000 0.000 0.000 0.000 0.000 0.000 0.000 0.000 0.000 0.000 0.000 0.000 0.025 0.990 0.986 0.000 0.997 0.997 0.177 0.000 0.000 0.000 0.000 0.000 0.000 0.000 0.000
0.000 0.000 0.000 0.017 0.296 0.601 0.000 0.000 0.000 0.000 0.000 0.000 0.000 0.000 0.000 0.000 0.000 0.000 0.000 0.000 0.994 0.929 0.997 0.000 0.985 0.991 0.002 0.000 0.000 0.000 0.000 0.000 0.000 0.000
0.000 0.000 0.000 0.000 0.000 0.000 0.000 0.000 0.017 0.000 0.000 0.000 0.000 0.000 0.000 0.000 0.000 0.000 0.000 0.985 0.988 0.987 0.997 0.985 0.000 0.978 0.911 0.000 0.000 0.000 0.000 0.000 0.000 0.000
0.000 0.000 0.000 0.000 0.000 0.977 0.000 0.000 0.000 0.000 0.000 0.000 0.000 0.000 0.000 0.000 0.000 0.052 0.933 0.981 0.996 0.318 0.177 0.991 0.978 0.000 0.999 0.961 0.000 0.000 0.000 0.000 0.000 0.000
0.000 0.000 0.000 0.000 0.000 0.993 0.000 0.000 0.072 0.000 0.000 0.000 0.000 0.000 0.000 0.000 0.000 0.982 0.973 0.996 0.960 0.000 0.000 0.002 0.911 0.999 0.000 0.992 0.947 0.000 0.000 0.000 0.000 0.000
0.000 0.000 0.000 0.000 0.000 1.000 0.000 0.000 0.000 0.000 0.000 0.000 0.000 0.000 0.000 0.001 0.038 0.975 1.000 0.956 0.039 0.000 0.000 0.000 0.000 0.961 0.992 0.000 1.000 1.000 0.986 0.998 0.857 0.061
0.000 0.000 0.000 0.000 0.000 0.000 0.000 0.005 0.000 0.001 0.612 0.000 0.005 0.393 0.003 0.845 0.989 0.991 0.997 0.000 0.000 0.000 0.000 0.000 0.000 0.000 0.947 1.000 0.000 1.000 0.995 0.017 0.000 0.000
0.000 0.000 0.000 0.000 0.000 0.011 0.000 0.000 0.000 0.000 0.000 0.000 0.000 0.000 0.000 0.064 0.019 0.403 0.989 0.000 0.000 0.000 0.000 0.000 0.000 0.000 0.000 1.000 1.000 0.000 1.000 0.998 0.024 0.038
0.729 0.969 0.583 0.000 0.000 0.001 0.000 0.367 0.000 0.000 0.000 0.001 0.000 0.000 0.000 0.000 0.029 0.000 0.998 0.000 0.000 0.000 0.000 0.000 0.000 0.000 0.000 0.986 0.995 1.000 0.000 1.000 0.994 0.550
0.111 0.990 0.997 0.001 0.000 0.999 0.260 0.001 0.000 0.000 0.000 0.000 0.000 0.000 0.000 0.000 0.000 0.000 0.995 0.172 0.058 0.000 0.000 0.000 0.000 0.000 0.000 0.998 0.017 0.998 1.000 0.000 0.997 0.992
0.152 0.279 0.989 0.022 0.000 0.223 0.000 0.000 0.000 0.000 0.000 0.017 0.000 0.000 0.000 0.000 0.000 0.000 0.000 0.000 0.000 0.000 0.000 0.000 0.000 0.000 0.000 0.857 0.000 0.024 0.994 0.997 0.000 0.998
0.373 0.311 0.762 0.347 0.000 0.033 0.000 0.000 0.000 0.000 0.000 0.030 0.000 0.000 0.000 0.000 0.000 0.000 0.000 0.000 0.001 0.000 0.000 0.000 0.000 0.000 0.000 0.061 0.000 0.038 0.550 0.992 0.998 0.000
