0.000 0.998 0.972 0.188 0.005 0.004 0.000 0.007 0.000 0.000 0.000 0.026 0.034 0.017 0.002 0.001 0.000 0.000 0.001 0.000 0.000 0.000 0.000 0.000 0.000 0.000 0.000 0.000 0.000 0.000 0.653 0.191 0.233 0.355
0.998 0.000 0.995 0.965 0.005 0.993 0.984 0.957 0.000 0.000 0.000 0.013 0.000 0.000 0.000 0.000 0.000 0.000 0.987 0.214 0.000 0.000 0.000 0.000 0.000 0.000 0.000 0.000 0.000 0.000 0.982 0.999 0.363 0.299
0.972 0.995 0.000 0.999 0.979 0.999 0.000 0.000 0.000 0.000 0.000 0.019 0.000 0.000 0.000 0.000 0.000 0.000 0.008 0.000 0.374 0.001 0.000 0.000 0.000 0.000 0.000 0.000 0.000 0.000 0.438 1.000 0.991 0.677
0.188 0.965 0.999 0.000 0.995 0.997 0.000 0.000 0.000 0.000 0.000 0.034 0.018 0.002 0.000 0.003 0.000 0.000 0.000 0.000 0.938 0.070 0.715 0.019 0.000 0.000 0.000 0.000 0.000 0.000 0.000 0.000 0.019 0.324
0.005 0.005 0.979 0.995 0.000 0.992 0.931 0.000 0.000 0.000 0.000 0.000 0.000 0.000 0.000 0.000 0.000 0.000 0.000 0.941 0.990 0.992 0.956 0.210 0.000 0.000 0.000 0.000 0.000 0.000 0.000 0.000 0.000 0.000
0.004 0.993 0.999 0.997 0.992 0.000 0.985 0.895 0.000 0.000 0.000 0.000 0.000 0.000 0.000 0.000 0.000 0.008 0.947 0.985 1.000 0.937 0.201 0.589 0.000 0.978 0.973 0.992 0.000 0.045 0.002 0.999 0.200 0.030
0.000 0.984 0.000 0.000 0.931 0.985 0.000 0.996 0.998 0.000 0.000 0.000 0.000 0.000 0.000 0.000 0.000 0.943 0.995 0.998 0.943 0.857 0.000 0.000 0.000 0.000 0.000 0.000 0.000 0.000 0.000 0.248 0.000 0.000
0.007 0.957 0.000 0.000 0.000 0.895 0.996 0.000 1.000 0.956 0.000 0.002 0.000 0.000 0.000 0.000 0.996 1.000 1.000 0.974 0.000 0.000 0.000 0.000 0.000 0.000 0.000 0.000 0.001 0.000 0.356 0.004 0.000 0.000
0.000 0.000 0.000 0.000 0.000 0.000 0.998 1.000 0.000 0.981 0.872 0.023 0.000 0.027 0.000 0.865 0.999 1.000 0.996 0.976 0.001 0.564 0.000 0.000 0.012 0.000 0.003 0.000 0.003 0.000 0.000 0.000 0.000 0.000
0.000 0.000 0.000 0.000 0.000 0.000 0.000 0.956 0.981 0.000 1.000 0.982 0.029 0.176 0.982 0.999 0.996 0.978 0.000 0.000 0.000 0.000 0.000 0.000 0.000 0.000 0.000 0.000 0.099 0.000 0.000 0.000 0.000 0.000
0.000 0.000 0.000 0.000 0.000 0.000 0.000 0.000 0.872 1.000 0.000 0.994 0.968 0.995 0.997 1.000 0.941 0.830 0.000 0.000 0.000 0.000 0.000 0.000 0.000 0.000 0.000 0.000 0.857 0.000 0.000 0.000 0.000 0.000
0.026 0.013 0.019 0.034 0.000 0.000 0.000 0.002 0.023 0.982 0.994 0.000 0.995 0.996 0.991 0.371 0.000 0.089 0.000 0.000 0.000 0.000 0.017 0.006 0.001 0.000 0.000 0.000 0.005 0.000 0.000 0.000 0.015 0.043
0.034 0.000 0.000 0.018 0.000 0.000 0.000 0.000 0.000 0.029 0.968 0.995 0.000 0.998 0.979 0.065 0.000 0.003 0.000 0.000 0.000 0.000 0.005 0.000 0.000 0.000 0.000 0.000 0.142 0.000 0.000 0.000 0.000 0.002
0.017 0.000 0.000 0.002 0.000 0.000 0.000 0.000 0.027 0.176 0.995 0.996 0.998 0.000 0.999 0.987 0.044 0.115 0.000 0.000 0.000 0.000 0.000 0.000 0.000 0.000 0.000 0.000 0.852 0.000 0.000 0.000 0.000 0.000
0.002 0.000 0.000 0.000 0.000 0.000 0.000 0.000 0.000 0.982 0.997 0.991 0.979 0.999 0.000 0.998 0.938 0.002 0.000 0.000 0.000 0.000 0.000 0.000 0.000 0.000 0.000 0.000 0.051 0.000 0.000 0.000 0.000 0.000
0.001 0.000 0.000 0.003 0.000 0.000 0.000 0.000 0.865 0.999 1.000 0.371 0.065 0.987 0.998 0.000 0.985 0.912 0.001 0.000 0.000 0.000 0.003 0.000 0.000 0.000 0.000 0.000 0.997 0.067 0.000 0.000 0.000 0.000
0.000 0.000 0.000 0.000 0.000 0.000 0.000 0.996 0.999 0.996 0.941 0.000 0.000 0.044 0.938 0.985 0.000 1.000 0.990 0.000 0.000 0.000 0.000 0.000 0.000 0.000 0.000 0.230 1.000 0.124 0.106 0.000 0.000 0.000
0.000 0.000 0.000 0.000 0.000 0.008 0.943 1.000 1.000 0.978 0.830 0.089 0.003 0.115 0.002 0.912 1.000 0.000 1.000 0.969 0.011 0.000 0.000 0.000 0.000 0.302 0.947 0.994 1.000 0.373 0.000 0.000 0.000 0.000
0.001 0.987 0.008 0.000 0.000 0.947 0.995 1.000 0.996 0.000 0.000 0.000 0.000 0.000 0.000 0.001 0.990 1.000 0.000 0.996 0.889 0.000 0.000 0.000 0.000 0.867 0.954 1.000 0.995 0.997 0.981 0.967 0.000 0.000
0.000 0.214 0.000 0.000 0.941 0.985 0.998 0.974 0.976 0.000 0.000 0.000 0.000 0.000 0.000 0.000 0.000 0.969 0.996 0.000 0.990 0.994 0.009 0.003 0.965 0.980 0.997 0.987 0.000 0.000 0.000 0.155 0.000 0.000
0.000 0.000 0.374 0.938 0.990 1.000 0.943 0.000 0.001 0.000 0.000 0.000 0.000 0.000 0.000 0.000 0.000 0.011 0.889 0.990 0.000 0.986 0.959 0.990 0.993 1.000 0.981 0.039 0.000 0.000 0.000 0.056 0.000 0.000
0.000 0.000 0.001 0.070 0.992 0.937 0.857 0.000 0.564 0.000 0.000 0.000 0.000 0.000 0.000 0.000 0.000 0.000 0.000 0.994 0.986 0.000 0.996 0.969 0.997 0.554 0.000 0.000 0.000 0.000 0.000 0.000 0.000 0.000
0.000 0.000 0.000 0.715 0.956 0.201 0.000 0.000 0.000 0.000 0.000 0.017 0.005 0.000 0.000 0.003 0.000 0.000 0.000 0.009 0.959 0.996 0.000 0.993 0.989 0.146 0.000 0.000 0.000 0.000 0.000 0.000 0.000 0.000
0.000 0.000 0.000 0.019 0.210 0.589 0.000 0.000 0.000 0.000 0.000 0.006 0.000 0.000 0.000 0.000 0.000 0.000 0.000 0.003 0.990 0.969 0.993 0.000 0.995 0.989 0.030 0.004 0.000 0.000 0.000 0.000 0.000 0.000
0.000 0.000 0.000 0.000 0.000 0.000 0.000 0.000 0.012 0.000 0.000 0.001 0.000 0.000 0.000 0.000 0.000 0.000 0.000 0.965 0.993 0.997 0.989 0.995 0.000 0.987 0.961 0.000 0.000 0.000 0.000 0.000 0.000 0.000
0.000 0.000 0.000 0.000 0.000 0.978 0.000 0.000 0.000 0.000 0.000 0.000 0.000 0.000 0.000 0.000 0.000 0.302 0.867 0.980 1.000 0.554 0.146 0.989 0.987 0.000 0.989 0.926 0.000 0.000 0.000 0.000 0.000 0.000
0.000 0.000 0.000 0.000 0.000 0.973 0.000 0.000 0.003 0.000 0.000 0.000 0.000 0.000 0.000 0.000 0.000 0.947 0.954 0.997 0.981 0.000 0.000 0.030 0.961 0.989 0.000 0.999 0.886 0.000 0.000 0.003 0.000 0.000
0.000 0.000 0.000 0.000 0.000 0.992 0.000 0.000 0.000 0.000 0.000 0.000 0.000 0.000 0.000 0.000 0.230 0.994 1.000 0.987 0.039 0.000 0.000 0.004 0.000 0.926 0.999 0.000 0.999 1.000 0.954 0.997 0.750 0.041
0.000 0.000 0.000 0.000 0.000 0.000 0.000 0.001 0.003 0.099 0.857 0.005 0.142 0.852 0.051 0.997 1.000 1.000 0.995 0.000 0.000 0.000 0.000 0.000 0.000 0.000 0.886 0.999 0.000 0.988 0.935 0.007 0.000 0.000
0.000 0.000 0.000 0.000 0.000 0.045 0.000 0.000 0.000 0.000 0.000 0.000 0.000 0.000 0.000 0.067 0.124 0.373 0.997 0.000 0.000 0.000 0.000 0.000 0.000 0.000 0.000 1.000 0.988 0.000 1.000 0.957 0.032 0.039
0.653 0.982 0.438 0.000 0.000 0.002 0.000 0.356 0.000 0.000 0.000 0.000 0.000 0.000 0.000 0.000 0.106 0.000 0.981 0.000 0.000 0.000 0.000 0.000 0.000 0.000 0.000 0.954 0.935 1.000 0.000 0.999 0.972 0.613
0.191 0.999 1.000 0.000 0.000 0.999 0.248 0.004 0.000 0.000 0.000 0.000 0.000 0.000 0.000 0.000 0.000 0.000 0.967 0.155 0.056 0.000 0.000 0.000 0.000 0.000 0.003 0.997 0.007 0.957 0.999 0.000 0.999 0.998
0.233 0.363 0.991 0.019 0.000 0.200 0.000 0.000 0.000 0.000 0.000 0.015 0.000 0.000 0.000 0.000 0.000 0.000 0.000 0.000 0.000 0.000 0.000 0.000 0.000 0.000 0.000 0.750 0.000 0.032 0.972 0.999 0.000 0.990
0.355 0.299 0.677 0.324 0.000 0.030 0.000 0.000 0.000 0.000 0.000 0.043 0.002 0.000 0.000 0.000 0.000 0.000 0.000 0.000 0.000 0.000 0.000 0.000 0.000 0.000 0.000 0.041 0.000 0.039 0.613 0.998 0.990 0.000
