0.000 0.994 0.945 0.237 0.007 0.011 0.002 0.092 0.000 0.000 0.000 0.000 0.000 0.000 0.000 0.000 0.000 0.000 0.002 0.000 0.000 0.000 0.000 0.000 0.000 0.000 0.000 0.001 0.000 0.000 0.000 0.000 0.000 0.000
0.994 0.000 0.990 0.954 0.004 0.895 0.820 0.888 0.065 0.000 0.000 0.000 0.000 0.000 0.000 0.000 0.004 0.138 0.749 0.485 0.001 0.001 0.000 0.000 0.000 0.000 0.000 0.098 0.000 0.003 0.000 0.000 0.000 0.000
0.945 0.990 0.000 1.000 0.996 1.000 0.008 0.022 0.000 0.000 0.000 0.000 0.000 0.000 0.000 0.000 0.000 0.000 0.040 0.000 0.157 0.000 0.009 0.000 0.000 0.000 0.000 0.041 0.000 0.000 0.000 0.000 0.000 0.000
0.237 0.954 1.000 0.000 0.997 0.986 0.000 0.000 0.000 0.000 0.000 0.000 0.000 0.000 0.000 0.000 0.000 0.000 0.000 0.000 0.606 0.027 0.833 0.001 0.000 0.000 0.000 0.000 0.000 0.000 0.000 0.000 0.000 0.000
0.007 0.004 0.996 0.997 0.000 1.000 0.943 0.000 0.000 0.000 0.000 0.000 0.000 0.000 0.000 0.000 0.000 0.000 0.000 0.953 0.990 0.995 0.989 0.035 0.000 0.000 0.000 0.000 0.000 0.000 0.000 0.000 0.000 0.000
0.011 0.895 1.000 0.986 1.000 0.000 0.992 0.923 0.000 0.000 0.000 0.000 0.000 0.000 0.000 0.000 0.000 0.013 0.985 0.988 1.000 0.989 0.534 0.207 0.000 0.470 0.478 0.976 0.020 0.003 0.000 0.000 0.001 0.000
0.002 0.820 0.008 0.000 0.943 0.992 0.000 0.979 0.984 0.000 0.000 0.000 0.000 0.000 0.000 0.000 0.000 0.814 0.993 1.000 0.935 0.997 0.000 0.000 0.000 0.000 0.000 0.016 0.000 0.000 0.000 0.000 0.000 0.000
0.092 0.888 0.022 0.000 0.000 0.923 0.979 0.000 0.986 0.809 0.000 0.000 0.000 0.000 0.000 0.000 0.930 0.976 0.993 0.954 0.000 0.001 0.000 0.000 0.000 0.000 0.000 0.045 0.000 0.022 0.001 0.000 0.000 0.000
0.000 0.065 0.000 0.000 0.000 0.000 0.984 0.986 0.000 0.990 0.887 0.070 0.000 0.000 0.001 0.870 0.978 1.000 0.921 0.994 0.000 0.883 0.000 0.000 0.061 0.000 0.290 0.003 0.007 0.000 0.000 0.000 0.010 0.000
0.000 0.000 0.000 0.000 0.000 0.000 0.000 0.809 0.990 0.000 0.993 0.992 0.030 0.074 0.994 0.990 0.996 0.997 0.000 0.000 0.000 0.000 0.000 0.000 0.000 0.000 0.000 0.000 0.031 0.000 0.000 0.000 0.034 0.000
0.000 0.000 0.000 0.000 0.000 0.000 0.000 0.000 0.887 0.993 0.000 0.999 0.998 1.000 0.983 0.997 0.943 0.990 0.000 0.000 0.000 0.000 0.000 0.000 0.000 0.000 0.000 0.000 0.668 0.000 0.000 0.095 0.517 0.476
0.000 0.000 0.000 0.000 0.000 0.000 0.000 0.000 0.070 0.992 0.999 0.000 0.996 0.995 0.978 0.234 0.000 0.475 0.000 0.000 0.000 0.000 0.000 0.000 0.000 0.000 0.000 0.000 0.006 0.000 0.000 0.008 0.051 0.112
0.000 0.000 0.000 0.000 0.000 0.000 0.000 0.000 0.000 0.030 0.998 0.996 0.000 0.999 0.979 0.099 0.000 0.000 0.000 0.000 0.000 0.000 0.000 0.000 0.000 0.000 0.000 0.000 0.009 0.000 0.000 0.006 0.116 0.367
0.000 0.000 0.000 0.000 0.000 0.000 0.000 0.000 0.000 0.074 1.000 0.995 0.999 0.000 0.998 1.000 0.000 0.007 0.000 0.000 0.000 0.000 0.000 0.000 0.000 0.000 0.000 0.000 0.250 0.000 0.003 0.096 0.444 0.641
0.000 0.000 0.000 0.000 0.000 0.000 0.000 0.000 0.001 0.994 0.983 0.978 0.979 0.998 0.000 0.999 0.965 0.000 0.000 0.000 0.000 0.000 0.000 0.000 0.000 0.000 0.000 0.000 0.002 0.002 0.002 0.000 0.002 0.015
0.000 0.000 0.000 0.000 0.000 0.000 0.000 0.000 0.870 0.990 0.997 0.234 0.099 1.000 0.999 0.000 0.979 0.966 0.004 0.000 0.000 0.000 0.000 0.000 0.000 0.000 0.000 0.092 0.598 0.111 0.398 0.345 0.715 0.739
0.000 0.004 0.000 0.000 0.000 0.000 0.000 0.930 0.978 0.996 0.943 0.000 0.000 0.000 0.965 0.979 0.000 0.986 0.792 0.000 0.000 0.000 0.000 0.000 0.000 0.000 0.000 0.284 0.600 0.195 0.096 0.000 0.133 0.006
0.000 0.138 0.000 0.000 0.000 0.013 0.814 0.976 1.000 0.997 0.990 0.475 0.000 0.007 0.000 0.966 0.986 0.000 0.959 0.943 0.001 0.000 0.000 0.000 0.000 0.027 0.951 0.889 0.990 0.267 0.050 0.044 0.309 0.109
0.002 0.749 0.040 0.000 0.000 0.985 0.993 0.993 0.921 0.000 0.000 0.000 0.000 0.000 0.000 0.004 0.792 0.959 0.000 1.000 0.925 0.000 0.000 0.000 0.000 0.804 0.901 0.968 0.650 0.034 0.000 0.000 0.006 0.000
0.000 0.485 0.000 0.000 0.953 0.988 1.000 0.954 0.994 0.000 0.000 0.000 0.000 0.000 0.000 0.000 0.000 0.943 1.000 0.000 0.980 0.998 0.004 0.001 0.973 0.962 0.970 0.948 0.034 0.000 0.000 0.000 0.000 0.002
0.000 0.001 0.157 0.606 0.990 1.000 0.935 0.000 0.000 0.000 0.000 0.000 0.000 0.000 0.000 0.000 0.000 0.001 0.925 0.980 0.000 0.999 0.999 0.999 0.975 0.962 0.855 0.533 0.000 0.000 0.000 0.000 0.000 0.000
0.000 0.001 0.000 0.027 0.995 0.989 0.997 0.001 0.883 0.000 0.000 0.000 0.000 0.000 0.000 0.000 0.000 0.000 0.000 0.998 0.999 0.000 0.995 0.969 0.959 0.720 0.000 0.000 0.000 0.000 0.000 0.000 0.000 0.000
0.000 0.000 0.009 0.833 0.989 0.534 0.000 0.000 0.000 0.000 0.000 0.000 0.000 0.000 0.000 0.000 0.000 0.000 0.000 0.004 0.999 0.995 0.000 0.996 0.965 0.184 0.000 0.000 0.000 0.000 0.000 0.000 0.000 0.000
0.000 0.000 0.000 0.001 0.035 0.207 0.000 0.000 0.000 0.000 0.000 0.000 0.000 0.000 0.000 0.000 0.000 0.000 0.000 0.001 0.999 0.969 0.996 0.000 0.995 0.997 0.119 0.262 0.000 0.000 0.000 0.000 0.000 0.000
0.000 0.000 0.000 0.000 0.000 0.000 0.000 0.000 0.061 0.000 0.000 0.000 0.000 0.000 0.000 0.000 0.000 0.000 0.000 0.973 0.975 0.959 0.965 0.995 0.000 0.998 0.946 0.004 0.000 0.000 0.000 0.000 0.000 0.002
0.000 0.000 0.000 0.000 0.000 0.470 0.000 0.000 0.000 0.000 0.000 0.000 0.000 0.000 0.000 0.000 0.000 0.027 0.804 0.962 0.962 0.720 0.184 0.997 0.998 0.000 0.996 0.973 0.131 0.044 0.000 0.002 0.000 0.000
0.000 0.000 0.000 0.000 0.000 0.478 0.000 0.000 0.290 0.000 0.000 0.000 0.000 0.000 0.000 0.000 0.000 0.951 0.901 0.970 0.855 0.000 0.000 0.119 0.946 0.996 0.000 0.983 0.999 0.186 0.007 0.176 0.100 0.018
0.001 0.098 0.041 0.000 0.000 0.976 0.016 0.045 0.003 0.000 0.000 0.000 0.000 0.000 0.000 0.092 0.284 0.889 0.968 0.948 0.533 0.000 0.000 0.262 0.004 0.973 0.983 0.000 0.981 0.826 0.010 0.021 0.103 0.003
0.000 0.000 0.000 0.000 0.000 0.020 0.000 0.000 0.007 0.031 0.668 0.006 0.009 0.250 0.002 0.598 0.600 0.990 0.650 0.034 0.000 0.000 0.000 0.000 0.000 0.131 0.999 0.981 0.000 0.989 0.977 0.898 0.869 0.372
0.000 0.003 0.000 0.000 0.000 0.003 0.000 0.022 0.000 0.000 0.000 0.000 0.000 0.000 0.002 0.111 0.195 0.267 0.034 0.000 0.000 0.000 0.000 0.000 0.000 0.044 0.186 0.826 0.989 0.000 0.986 0.915 0.041 0.000
0.000 0.000 0.000 0.000 0.000 0.000 0.000 0.001 0.000 0.000 0.000 0.000 0.000 0.003 0.002 0.398 0.096 0.050 0.000 0.000 0.000 0.000 0.000 0.000 0.000 0.000 0.007 0.010 0.977 0.986 0.000 1.000 0.974 0.048
0.000 0.000 0.000 0.000 0.000 0.000 0.000 0.000 0.000 0.000 0.095 0.008 0.006 0.096 0.000 0.345 0.000 0.044 0.000 0.000 0.000 0.000 0.000 0.000 0.000 0.002 0.176 0.021 0.898 0.915 1.000 0.000 0.993 0.980
0.000 0.000 0.000 0.000 0.000 0.001 0.000 0.000 0.010 0.034 0.517 0.051 0.116 0.444 0.002 0.715 0.133 0.309 0.006 0.000 0.000 0.000 0.000 0.000 0.000 0.000 0.100 0.103 0.869 0.041 0.974 0.993 0.000 1.000
0.000 0.000 0.000 0.000 0.000 0.000 0.000 0.000 0.000 0.000 0.476 0.112 0.367 0.641 0.015 0.739 0.006 0.109 0.000 0.002 0.000 0.000 0.000 0.000 0.002 0.000 0.018 0.003 0.372 0.000 0.048 0.980 1.000 0.000
