0.000 0.995 0.974 0.589 0.203 0.002 0.000 0.000 0.000 0.000 0.273 0.000 0.002 0.000 0.032 0.018 0.006 0.009 0.000 0.003 0.000 0.070 0.000 0.000 0.000 0.000 0.000 0.001 0.000 0.000 0.000 0.000 0.000 0.670 0.010 0.019 0.006
0.995 0.000 0.996 0.997 0.669 0.036 0.003 0.000 0.076 0.165 0.555 0.000 0.001 0.000 0.091 0.010 0.000 0.000 0.000 0.055 0.000 0.449 0.000 0.000 0.000 0.000 0.000 0.000 0.000 0.000 0.000 0.000 0.000 0.950 0.026 0.021 0.000
0.974 0.996 0.000 0.994 0.977 0.000 0.000 0.000 0.000 0.000 0.347 0.000 0.000 0.000 0.000 0.000 0.000 0.000 0.000 0.000 0.000 0.052 0.000 0.000 0.000 0.000 0.000 0.000 0.000 0.000 0.000 0.000 0.000 0.791 0.001 0.000 0.000
0.589 0.997 0.994 0.000 0.999 0.951 0.057 0.002 0.001 0.000 0.004 0.000 0.000 0.000 0.065 0.044 0.035 0.019 0.000 0.000 0.000 0.003 0.000 0.000 0.000 0.000 0.000 0.004 0.000 0.000 0.000 0.000 0.000 0.896 0.064 0.076 0.160
0.203 0.669 0.977 0.999 0.000 1.000 0.980 0.005 1.000 0.964 0.920 0.000 0.000 0.000 0.010 0.001 0.000 0.000 0.000 0.000 0.000 0.953 0.181 0.000 0.000 0.000 0.000 0.000 0.000 0.000 0.000 0.000 0.000 0.997 0.999 0.258 0.150
0.002 0.036 0.000 0.951 1.000 0.000 0.996 0.985 0.998 0.000 0.000 0.000 0.000 0.000 0.042 0.022 0.001 0.000 0.000 0.000 0.000 0.005 0.000 0.238 0.001 0.000 0.000 0.000 0.000 0.000 0.000 0.000 0.000 0.660 0.975 0.983 0.971
0.000 0.003 0.000 0.057 0.980 0.996 0.000 0.994 0.987 0.000 0.000 0.000 0.000 0.000 0.058 0.054 0.038 0.013 0.000 0.000 0.000 0.000 0.000 0.823 0.038 0.633 0.021 0.000 0.000 0.000 0.000 0.000 0.000 0.000 0.000 0.010 0.528
0.000 0.000 0.000 0.002 0.005 0.985 0.994 0.000 0.994 0.896 0.000 0.000 0.000 0.000 0.000 0.003 0.000 0.000 0.000 0.000 0.000 0.000 0.824 0.987 0.973 0.996 0.198 0.000 0.000 0.000 0.000 0.000 0.000 0.000 0.000 0.000 0.001
0.000 0.076 0.000 0.001 1.000 0.998 0.987 0.994 0.000 0.983 0.879 0.000 0.000 0.000 0.000 0.000 0.000 0.000 0.000 0.000 0.017 0.992 0.980 1.000 0.954 0.157 0.573 0.000 0.987 0.958 0.999 0.000 0.018 0.000 1.000 0.205 0.331
0.000 0.165 0.000 0.000 0.964 0.000 0.000 0.896 0.983 0.000 1.000 0.995 0.000 0.000 0.000 0.000 0.000 0.000 0.000 0.000 0.970 0.995 1.000 0.992 0.958 0.000 0.000 0.000 0.000 0.000 0.000 0.000 0.000 0.000 0.282 0.000 0.000
0.273 0.555 0.347 0.004 0.920 0.000 0.000 0.000 0.879 1.000 0.000 0.999 0.969 0.000 0.000 0.000 0.000 0.000 0.000 0.991 0.995 1.000 0.997 0.000 0.000 0.000 0.000 0.000 0.000 0.000 0.000 0.001 0.000 0.479 0.001 0.000 0.000
0.000 0.000 0.000 0.000 0.000 0.000 0.000 0.000 0.000 0.995 0.999 0.000 1.000 0.982 0.043 0.000 0.000 0.000 0.968 0.996 1.000 0.992 0.996 0.000 0.625 0.000 0.000 0.008 0.000 0.114 0.000 0.000 0.000 0.000 0.000 0.000 0.000
0.002 0.001 0.000 0.000 0.000 0.000 0.000 0.000 0.000 0.000 0.969 1.000 0.000 1.000 0.977 0.034 0.097 0.968 0.990 0.977 0.998 0.000 0.000 0.000 0.000 0.000 0.000 0.000 0.000 0.000 0.000 0.122 0.000 0.000 0.000 0.000 0.000
0.000 0.000 0.000 0.000 0.000 0.000 0.000 0.000 0.000 0.000 0.000 0.982 1.000 0.000 0.958 0.943 0.984 0.969 0.992 0.973 0.995 0.000 0.000 0.000 0.000 0.000 0.000 0.000 0.000 0.000 0.000 0.881 0.000 0.000 0.000 0.000 0.000
0.032 0.091 0.000 0.065 0.010 0.042 0.058 0.000 0.000 0.000 0.000 0.043 0.977 0.958 0.000 1.000 0.967 0.934 0.275 0.000 0.458 0.000 0.000 0.000 0.000 0.006 0.006 0.000 0.000 0.000 0.000 0.003 0.034 0.020 0.004 0.133 0.108
0.018 0.010 0.000 0.044 0.001 0.022 0.054 0.003 0.000 0.000 0.000 0.000 0.034 0.943 1.000 0.000 0.973 0.926 0.058 0.000 0.001 0.000 0.000 0.000 0.000 0.004 0.000 0.000 0.000 0.000 0.000 0.054 0.000 0.000 0.000 0.106 0.072
0.006 0.000 0.000 0.035 0.000 0.001 0.038 0.000 0.000 0.000 0.000 0.000 0.097 0.984 0.967 0.973 0.000 1.000 0.999 0.001 0.017 0.000 0.000 0.000 0.000 0.000 0.000 0.000 0.000 0.000 0.000 0.696 0.000 0.000 0.000 0.004 0.005
0.009 0.000 0.000 0.019 0.000 0.000 0.013 0.000 0.000 0.000 0.000 0.000 0.968 0.969 0.934 0.926 1.000 0.000 0.994 0.960 0.000 0.000 0.000 0.000 0.000 0.000 0.000 0.000 0.000 0.000 0.000 0.003 0.000 0.000 0.000 0.000 0.000
0.000 0.000 0.000 0.000 0.000 0.000 0.000 0.000 0.000 0.000 0.000 0.968 0.990 0.992 0.275 0.058 0.999 0.994 0.000 1.000 0.987 0.000 0.000 0.000 0.000 0.000 0.000 0.000 0.000 0.001 0.000 0.964 0.085 0.000 0.000 0.000 0.000
0.003 0.055 0.000 0.000 0.000 0.000 0.000 0.000 0.000 0.000 0.991 0.996 0.977 0.973 0.000 0.000 0.001 0.960 1.000 0.000 1.000 0.996 0.000 0.000 0.000 0.000 0.000 0.000 0.000 0.000 0.102 0.999 0.044 0.029 0.000 0.000 0.000
0.000 0.000 0.000 0.000 0.000 0.000 0.000 0.000 0.017 0.970 0.995 1.000 0.998 0.995 0.458 0.001 0.017 0.000 0.987 1.000 0.000 1.000 1.000 0.001 0.000 0.000 0.000 0.000 0.031 1.000 1.000 1.000 0.585 0.000 0.000 0.000 0.000
0.070 0.449 0.052 0.003 0.953 0.005 0.000 0.000 0.992 0.995 1.000 0.992 0.000 0.000 0.000 0.000 0.000 0.000 0.000 0.996 1.000 0.000 1.000 0.974 0.000 0.000 0.000 0.000 0.994 1.000 1.000 0.997 0.996 0.974 0.943 0.000 0.000
0.000 0.000 0.000 0.000 0.181 0.000 0.000 0.824 0.980 1.000 0.997 0.996 0.000 0.000 0.000 0.000 0.000 0.000 0.000 0.000 1.000 1.000 0.000 0.999 0.972 0.009 0.000 0.997 0.997 1.000 1.000 0.001 0.000 0.000 0.179 0.000 0.000
0.000 0.000 0.000 0.000 0.000 0.238 0.823 0.987 1.000 0.992 0.000 0.000 0.000 0.000 0.000 0.000 0.000 0.000 0.000 0.000 0.001 0.974 0.999 0.000 0.989 0.972 0.999 0.996 0.997 0.975 0.089 0.000 0.000 0.000 0.080 0.000 0.099
0.000 0.000 0.000 0.000 0.000 0.001 0.038 0.973 0.954 0.958 0.000 0.625 0.000 0.000 0.000 0.000 0.000 0.000 0.000 0.000 0.000 0.000 0.972 0.989 0.000 0.988 0.958 0.990 0.243 0.000 0.000 0.000 0.000 0.000 0.000 0.000 0.000
0.000 0.000 0.000 0.000 0.000 0.000 0.633 0.996 0.157 0.000 0.000 0.000 0.000 0.000 0.006 0.004 0.000 0.000 0.000 0.000 0.000 0.000 0.009 0.972 0.988 0.000 0.989 0.925 0.154 0.000 0.000 0.000 0.000 0.000 0.000 0.000 0.000
0.000 0.000 0.000 0.000 0.000 0.000 0.021 0.198 0.573 0.000 0.000 0.000 0.000 0.000 0.006 0.000 0.000 0.000 0.000 0.000 0.000 0.000 0.000 0.999 0.958 0.989 0.000 0.986 0.981 0.002 0.000 0.000 0.000 0.000 0.000 0.000 0.001
0.001 0.000 0.000 0.004 0.000 0.000 0.000 0.000 0.000 0.000 0.000 0.008 0.000 0.000 0.000 0.000 0.000 0.000 0.000 0.000 0.000 0.000 0.997 0.996 0.990 0.925 0.986 0.000 0.990 0.986 0.000 0.000 0.000 0.000 0.000 0.000 0.000
0.000 0.000 0.000 0.000 0.000 0.000 0.000 0.000 0.987 0.000 0.000 0.000 0.000 0.000 0.000 0.000 0.000 0.000 0.000 0.000 0.031 0.994 0.997 0.997 0.243 0.154 0.981 0.990 0.000 0.999 0.998 0.000 0.000 0.000 0.000 0.000 0.000
0.000 0.000 0.000 0.000 0.000 0.000 0.000 0.000 0.958 0.000 0.000 0.114 0.000 0.000 0.000 0.000 0.000 0.000 0.001 0.000 1.000 1.000 1.000 0.975 0.000 0.000 0.002 0.986 0.999 0.000 1.000 0.997 0.000 0.000 0.000 0.000 0.000
0.000 0.000 0.000 0.000 0.000 0.000 0.000 0.000 0.999 0.000 0.000 0.000 0.000 0.000 0.000 0.000 0.000 0.000 0.000 0.102 1.000 1.000 1.000 0.089 0.000 0.000 0.000 0.000 0.998 1.000 0.000 0.997 1.000 0.999 0.994 0.768 0.033
0.000 0.000 0.000 0.000 0.000 0.000 0.000 0.000 0.000 0.000 0.001 0.000 0.122 0.881 0.003 0.054 0.696 0.003 0.964 0.999 1.000 0.997 0.001 0.000 0.000 0.000 0.000 0.000 0.000 0.997 0.997 0.000 0.977 0.911 0.008 0.000 0.000
0.000 0.000 0.000 0.000 0.000 0.000 0.000 0.000 0.018 0.000 0.000 0.000 0.000 0.000 0.034 0.000 0.000 0.000 0.085 0.044 0.585 0.996 0.000 0.000 0.000 0.000 0.000 0.000 0.000 0.000 1.000 0.977 0.000 0.999 0.970 0.038 0.000
0.670 0.950 0.791 0.896 0.997 0.660 0.000 0.000 0.000 0.000 0.479 0.000 0.000 0.000 0.020 0.000 0.000 0.000 0.000 0.029 0.000 0.974 0.000 0.000 0.000 0.000 0.000 0.000 0.000 0.000 0.999 0.911 0.999 0.000 1.000 0.962 0.070
0.010 0.026 0.001 0.064 0.999 0.975 0.000 0.000 1.000 0.282 0.001 0.000 0.000 0.000 0.004 0.000 0.000 0.000 0.000 0.000 0.000 0.943 0.179 0.080 0.000 0.000 0.000 0.000 0.000 0.000 0.994 0.008 0.970 1.000 0.000 0.986 0.946
0.019 0.021 0.000 0.076 0.258 0.983 0.010 0.000 0.205 0.000 0.000 0.000 0.000 0.000 0.133 0.106 0.004 0.000 0.000 0.000 0.000 0.000 0.000 0.000 0.000 0.000 0.000 0.000 0.000 0.000 0.768 0.000 0.038 0.962 0.986 0.000 0.997
0.006 0.000 0.000 0.160 0.150 0.971 0.528 0.001 0.331 0.000 0.000 0.000 0.000 0.000 0.108 0.072 0.005 0.000 0.000 0.000 0.000 0.000 0.000 0.099 0.000 0.000 0.001 0.000 0.000 0.000 0.033 0.000 0.000 0.070 0.946 0.997 0.000
