0.000 1.000 0.999 0.995 0.961 0.569 0.000 0.000 0.000 0.000 0.000 0.008 0.339 0.011 0.008 0.000 0.093 0.025 0.010 0.003 0.006 0.012 0.000 0.006 0.000 0.000 0.000 0.000 0.000 0.001 0.000 0.000 0.000 0.000 0.000 0.121 0.000 0.000 0.000
1.000 0.000 1.000 1.000 0.999 0.989 0.298 0.000 0.000 0.000 0.000 0.000 0.001 0.000 0.000 0.000 0.000 0.004 0.001 0.000 0.000 0.000 0.000 0.000 0.000 0.000 0.000 0.000 0.000 0.000 0.000 0.000 0.000 0.000 0.000 0.281 0.000 0.000 0.000
0.999 1.000 0.000 1.000 0.996 0.996 0.515 0.020 0.001 0.000 0.012 0.026 0.469 0.000 0.000 0.000 0.018 0.038 0.008 0.000 0.000 0.084 0.000 0.434 0.000 0.000 0.000 0.000 0.000 0.000 0.000 0.000 0.000 0.001 0.000 0.621 0.096 0.058 0.020
0.995 1.000 1.000 0.000 1.000 1.000 0.543 0.019 0.000 0.000 0.051 0.207 0.597 0.007 0.001 0.000 0.108 0.010 0.002 0.000 0.004 0.020 0.000 0.346 0.000 0.000 0.010 0.000 0.000 0.000 0.000 0.000 0.000 0.000 0.000 0.471 0.039 0.071 0.031
0.961 0.999 0.996 1.000 0.000 1.000 1.000 0.001 0.000 0.000 0.010 0.014 0.216 0.000 0.000 0.000 0.001 0.000 0.000 0.000 0.000 0.001 0.000 0.027 0.000 0.000 0.004 0.000 0.000 0.000 0.000 0.000 0.000 0.000 0.000 0.410 0.006 0.048 0.000
0.569 0.989 0.996 1.000 1.000 0.000 1.000 1.000 0.054 0.000 0.000 0.000 0.000 0.000 0.000 0.000 0.003 0.012 0.000 0.000 0.000 0.000 0.000 0.001 0.000 0.000 0.000 0.000 0.000 0.000 0.000 0.000 0.000 0.000 0.000 0.756 0.163 0.149 0.072
0.000 0.298 0.515 0.543 1.000 1.000 0.000 1.000 0.998 0.005 1.000 0.993 0.997 0.000 0.000 0.000 0.000 0.000 0.000 0.000 0.000 0.000 0.000 1.000 0.181 0.000 0.003 0.000 0.000 0.000 0.000 0.000 0.000 0.000 0.000 0.983 1.000 0.244 0.045
0.000 0.000 0.020 0.019 0.001 1.000 1.000 0.000 1.000 1.000 1.000 0.000 0.000 0.000 0.000 0.000 0.000 0.000 0.000 0.000 0.000 0.000 0.000 0.007 0.000 0.177 0.001 0.000 0.000 0.000 0.000 0.000 0.000 0.000 0.000 0.497 1.000 0.956 0.948
0.000 0.000 0.001 0.000 0.000 0.054 0.998 1.000 0.000 1.000 1.000 0.000 0.000 0.000 0.000 0.000 0.004 0.000 0.000 0.000 0.000 0.000 0.000 0.000 0.000 0.778 0.034 0.596 0.006 0.000 0.000 0.000 0.000 0.000 0.000 0.000 0.000 0.021 0.581
0.000 0.000 0.000 0.000 0.000 0.000 0.005 1.000 1.000 0.000 1.000 1.000 0.000 0.000 0.000 0.000 0.000 0.000 0.000 0.000 0.000 0.000 0.000 0.000 1.000 1.000 1.000 0.997 0.096 0.000 0.000 0.000 0.000 0.000 0.000 0.000 0.000 0.000 0.005
0.000 0.000 0.012 0.051 0.010 0.000 1.000 1.000 1.000 1.000 0.000 1.000 1.000 0.000 0.000 0.000 0.000 0.000 0.000 0.000 0.000 0.000 0.010 1.000 1.000 1.000 0.990 0.122 0.578 0.000 0.993 0.992 1.000 0.000 0.025 0.000 1.000 0.319 0.482
0.008 0.000 0.026 0.207 0.014 0.000 0.993 0.000 0.000 1.000 1.000 0.000 1.000 1.000 0.000 0.000 0.000 0.000 0.000 0.000 0.000 0.000 1.000 1.000 1.000 1.000 0.947 0.000 0.000 0.000 0.000 0.000 0.000 0.000 0.000 0.000 0.377 0.000 0.000
0.339 0.001 0.469 0.597 0.216 0.000 0.997 0.000 0.000 0.000 1.000 1.000 0.000 1.000 1.000 0.000 0.000 0.000 0.000 0.000 0.000 1.000 1.000 1.000 1.000 0.000 0.000 0.000 0.000 0.000 0.000 0.000 0.000 0.001 0.000 0.361 0.001 0.000 0.000
0.011 0.000 0.000 0.007 0.000 0.000 0.000 0.000 0.000 0.000 0.000 1.000 1.000 0.000 1.000 0.997 0.015 0.000 0.000 0.000 0.995 1.000 1.000 1.000 1.000 0.001 0.871 0.000 0.000 0.022 0.000 0.209 0.000 0.001 0.000 0.000 0.000 0.000 0.000
0.008 0.000 0.000 0.001 0.000 0.000 0.000 0.000 0.000 0.000 0.000 0.000 1.000 1.000 0.000 1.000 0.981 0.027 0.087 0.956 1.000 1.000 1.000 0.000 0.000 0.000 0.000 0.000 0.000 0.000 0.000 0.000 0.000 0.091 0.000 0.000 0.000 0.000 0.000
0.000 0.000 0.000 0.000 0.000 0.000 0.000 0.000 0.000 0.000 0.000 0.000 0.000 0.997 1.000 0.000 0.986 0.963 0.998 0.996 1.000 0.997 0.997 0.000 0.000 0.000 0.000 0.000 0.000 0.000 0.000 0.000 0.000 0.931 0.000 0.000 0.000 0.000 0.000
0.093 0.000 0.018 0.108 0.001 0.003 0.000 0.000 0.004 0.000 0.000 0.000 0.000 0.015 0.981 0.986 0.000 1.000 0.990 0.991 0.294 0.000 0.488 0.000 0.000 0.000 0.000 0.000 0.000 0.000 0.000 0.000 0.000 0.003 0.000 0.000 0.000 0.013 0.013
0.025 0.004 0.038 0.010 0.000 0.012 0.000 0.000 0.000 0.000 0.000 0.000 0.000 0.000 0.027 0.963 1.000 0.000 0.988 0.970 0.054 0.000 0.000 0.000 0.000 0.000 0.000 0.000 0.000 0.000 0.000 0.000 0.000 0.050 0.000 0.000 0.000 0.000 0.000
0.010 0.001 0.008 0.002 0.000 0.000 0.000 0.000 0.000 0.000 0.000 0.000 0.000 0.000 0.087 0.998 0.990 0.988 0.000 1.000 0.998 0.005 0.050 0.000 0.000 0.000 0.000 0.000 0.000 0.000 0.000 0.000 0.000 0.815 0.000 0.000 0.000 0.000 0.000
0.003 0.000 0.000 0.000 0.000 0.000 0.000 0.000 0.000 0.000 0.000 0.000 0.000 0.000 0.956 0.996 0.991 0.970 1.000 0.000 0.993 0.973 0.000 0.000 0.000 0.000 0.000 0.000 0.000 0.000 0.000 0.000 0.000 0.003 0.000 0.000 0.000 0.000 0.000
0.006 0.000 0.000 0.004 0.000 0.000 0.000 0.000 0.000 0.000 0.000 0.000 0.000 0.995 1.000 1.000 0.294 0.054 0.998 0.993 0.000 1.000 1.000 0.000 0.000 0.000 0.000 0.000 0.000 0.000 0.000 0.000 0.000 0.953 0.021 0.000 0.000 0.000 0.000
0.012 0.000 0.084 0.020 0.001 0.000 0.000 0.000 0.000 0.000 0.000 0.000 1.000 1.000 1.000 0.997 0.000 0.000 0.005 0.973 1.000 0.000 1.000 1.000 0.000 0.000 0.000 0.000 0.000 0.000 0.000 0.000 0.127 1.000 0.039 0.025 0.000 0.000 0.000
0.000 0.000 0.000 0.000 0.000 0.000 0.000 0.000 0.000 0.000 0.010 1.000 1.000 1.000 1.000 0.997 0.488 0.000 0.050 0.000 1.000 1.000 0.000 1.000 1.000 0.001 0.000 0.000 0.000 0.000 0.036 1.000 1.000 1.000 0.542 0.000 0.000 0.000 0.000
0.006 0.000 0.434 0.346 0.027 0.001 1.000 0.007 0.000 0.000 1.000 1.000 1.000 1.000 0.000 0.000 0.000 0.000 0.000 0.000 0.000 1.000 1.000 0.000 1.000 1.000 0.000 0.000 0.000 0.000 1.000 1.000 1.000 1.000 1.000 1.000 1.000 0.000 0.000
0.000 0.000 0.000 0.000 0.000 0.000 0.181 0.000 0.000 1.000 1.000 1.000 1.000 1.000 0.000 0.000 0.000 0.000 0.000 0.000 0.000 0.000 1.000 1.000 0.000 1.000 1.000 0.008 0.002 1.000 1.000 1.000 1.000 0.000 0.000 0.000 0.252 0.000 0.000
0.000 0.000 0.000 0.000 0.000 0.000 0.000 0.177 0.778 1.000 1.000 1.000 0.000 0.001 0.000 0.000 0.000 0.000 0.000 0.000 0.000 0.000 0.001 1.000 1.000 0.000 1.000 1.000 1.000 1.000 1.000 1.000 0.126 0.000 0.000 0.000 0.109 0.000 0.239
0.000 0.000 0.000 0.010 0.004 0.000 0.003 0.001 0.034 1.000 0.990 0.947 0.000 0.871 0.000 0.000 0.000 0.000 0.000 0.000 0.000 0.000 0.000 0.000 1.000 1.000 0.000 1.000 1.000 1.000 0.321 0.000 0.000 0.000 0.000 0.000 0.000 0.000 0.000
0.000 0.000 0.000 0.000 0.000 0.000 0.000 0.000 0.596 0.997 0.122 0.000 0.000 0.000 0.000 0.000 0.000 0.000 0.000 0.000 0.000 0.000 0.000 0.000 0.008 1.000 1.000 0.000 1.000 1.000 0.176 0.000 0.000 0.000 0.000 0.000 0.000 0.000 0.001
0.000 0.000 0.000 0.000 0.000 0.000 0.000 0.000 0.006 0.096 0.578 0.000 0.000 0.000 0.000 0.000 0.000 0.000 0.000 0.000 0.000 0.000 0.000 0.000 0.002 1.000 1.000 1.000 0.000 1.000 1.000 0.007 0.002 0.000 0.000 0.000 0.000 0.000 0.004
0.001 0.000 0.000 0.000 0.000 0.000 0.000 0.000 0.000 0.000 0.000 0.000 0.000 0.022 0.000 0.000 0.000 0.000 0.000 0.000 0.000 0.000 0.000 0.000 1.000 1.000 1.000 1.000 1.000 0.000 1.000 1.000 0.000 0.000 0.000 0.000 0.000 0.000 0.000
0.000 0.000 0.000 0.000 0.000 0.000 0.000 0.000 0.000 0.000 0.993 0.000 0.000 0.000 0.000 0.000 0.000 0.000 0.000 0.000 0.000 0.000 0.036 1.000 1.000 1.000 0.321 0.176 1.000 1.000 0.000 1.000 1.000 0.000 0.000 0.000 0.000 0.000 0.000
0.000 0.000 0.000 0.000 0.000 0.000 0.000 0.000 0.000 0.000 0.992 0.000 0.000 0.209 0.000 0.000 0.000 0.000 0.000 0.000 0.000 0.000 1.000 1.000 1.000 1.000 0.000 0.000 0.007 1.000 1.000 0.000 1.000 1.000 0.000 0.000 0.000 0.000 0.000
0.000 0.000 0.000 0.000 0.000 0.000 0.000 0.000 0.000 0.000 1.000 0.000 0.000 0.000 0.000 0.000 0.000 0.000 0.000 0.000 0.000 0.127 1.000 1.000 1.000 0.126 0.000 0.000 0.002 0.000 1.000 1.000 0.000 1.000 1.000 1.000 1.000 0.816 0.064
0.000 0.000 0.001 0.000 0.000 0.000 0.000 0.000 0.000 0.000 0.000 0.000 0.001 0.001 0.091 0.931 0.003 0.050 0.815 0.003 0.953 1.000 1.000 1.000 0.000 0.000 0.000 0.000 0.000 0.000 0.000 1.000 1.000 0.000 1.000 0.998 0.008 0.000 0.000
0.000 0.000 0.000 0.000 0.000 0.000 0.000 0.000 0.000 0.000 0.025 0.000 0.000 0.000 0.000 0.000 0.000 0.000 0.000 0.000 0.021 0.039 0.542 1.000 0.000 0.000 0.000 0.000 0.000 0.000 0.000 0.000 1.000 1.000 0.000 1.000 1.000 0.041 0.000
0.121 0.281 0.621 0.471 0.410 0.756 0.983 0.497 0.000 0.000 0.000 0.000 0.361 0.000 0.000 0.000 0.000 0.000 0.000 0.000 0.000 0.025 0.000 1.000 0.000 0.000 0.000 0.000 0.000 0.000 0.000 0.000 1.000 0.998 1.000 0.000 1.000 0.969 0.030
0.000 0.000 0.096 0.039 0.006 0.163 1.000 1.000 0.000 0.000 1.000 0.377 0.001 0.000 0.000 0.000 0.000 0.000 0.000 0.000 0.000 0.000 0.000 1.000 0.252 0.109 0.000 0.000 0.000 0.000 0.000 0.000 1.000 0.008 1.000 1.000 0.000 0.970 0.956
0.000 0.000 0.058 0.071 0.048 0.149 0.244 0.956 0.021 0.000 0.319 0.000 0.000 0.000 0.000 0.000 0.013 0.000 0.000 0.000 0.000 0.000 0.000 0.000 0.000 0.000 0.000 0.000 0.000 0.000 0.000 0.000 0.816 0.000 0.041 0.969 0.970 0.000 1.000
0.000 0.000 0.020 0.031 0.000 0.072 0.045 0.948 0.581 0.005 0.482 0.000 0.000 0.000 0.000 0.000 0.013 0.000 0.000 0.000 0.000 0.000 0.000 0.000 0.000 0.239 0.000 0.001 0.004 0.000 0.000 0.000 0.064 0.000 0.000 0.030 0.956 1.000 0.000
