0.000 0.993 0.900 0.162 0.009 0.006 0.000 0.009 0.000 0.000 0.000 0.071 0.000 0.000 0.000 0.000 0.001 0.000 0.000 0.000 0.000 0.000 0.000 0.000 0.000 0.000 0.000 0.000 0.796 0.191 0.244 0.441
0.993 0.000 0.994 0.939 0.006 0.986 0.983 0.987 0.000 0.000 0.000 0.006 0.000 0.000 0.000 0.000 0.997 0.174 0.000 0.002 0.000 0.000 0.000 0.000 0.000 0.000 0.000 0.000 0.995 0.989 0.390 0.342
0.900 0.994 0.000 0.996 0.979 0.996 0.001 0.000 0.000 0.000 0.000 0.037 0.000 0.000 0.000 0.000 0.008 0.000 0.247 0.000 0.000 0.000 0.000 0.000 0.000 0.000 0.000 0.000 0.517 0.997 0.978 0.978
0.162 0.939 0.996 0.000 0.998 0.989 0.000 0.000 0.000 0.000 0.000 0.013 0.000 0.000 0.000 0.000 0.000 0.000 0.852 0.031 0.653 0.010 0.000 0.000 0.000 0.000 0.000 0.000 0.000 0.001 0.011 0.481
0.009 0.006 0.979 0.998 0.000 0.996 0.948 0.000 0.000 0.000 0.000 0.000 0.000 0.000 0.000 0.000 0.000 0.944 0.982 0.999 0.963 0.168 0.000 0.000 0.000 0.000 0.000 0.000 0.000 0.000 0.000 0.000
0.006 0.986 0.996 0.989 0.996 0.000 0.987 0.880 0.000 0.000 0.000 0.000 0.000 0.000 0.000 0.017 0.967 0.996 0.997 0.979 0.156 0.554 0.000 0.965 0.954 0.994 0.000 0.033 0.001 0.999 0.184 0.032
0.000 0.983 0.001 0.000 0.948 0.987 0.000 0.992 0.982 0.000 0.000 0.000 0.000 0.000 0.000 0.931 0.996 0.993 0.922 0.982 0.000 0.000 0.000 0.000 0.000 0.000 0.000 0.000 0.000 0.272 0.000 0.000
0.009 0.987 0.000 0.000 0.000 0.880 0.992 0.000 0.982 0.861 0.000 0.000 0.000 0.000 0.986 0.946 0.996 0.923 0.000 0.000 0.000 0.000 0.000 0.000 0.000 0.000 0.000 0.000 0.632 0.002 0.000 0.000
0.000 0.000 0.000 0.000 0.000 0.000 0.982 0.982 0.000 0.989 0.918 0.000 0.000 0.923 0.997 0.999 0.973 0.998 0.000 0.840 0.000 0.000 0.015 0.000 0.125 0.000 0.000 0.000 0.000 0.000 0.000 0.000
0.000 0.000 0.000 0.000 0.000 0.000 0.000 0.861 0.989 0.000 0.991 0.925 0.983 0.978 0.980 0.954 0.000 0.000 0.000 0.000 0.000 0.000 0.000 0.000 0.000 0.000 0.123 0.000 0.000 0.000 0.000 0.000
0.000 0.000 0.000 0.000 0.000 0.000 0.000 0.000 0.918 0.991 0.000 0.986 0.962 0.994 0.922 0.985 0.000 0.000 0.000 0.000 0.000 0.000 0.000 0.000 0.000 0.000 0.795 0.000 0.000 0.000 0.000 0.000
0.071 0.006 0.037 0.013 0.000 0.000 0.000 0.000 0.000 0.925 0.986 0.000 0.980 0.949 0.000 0.021 0.000 0.000 0.000 0.000 0.000 0.000 0.000 0.000 0.001 0.000 0.294 0.000 0.000 0.000 0.026 0.164
0.000 0.000 0.000 0.000 0.000 0.000 0.000 0.000 0.000 0.983 0.962 0.980 0.000 0.972 0.894 0.000 0.000 0.000 0.000 0.000 0.000 0.000 0.000 0.000 0.000 0.000 0.000 0.000 0.000 0.000 0.000 0.000
0.000 0.000 0.000 0.000 0.000 0.000 0.000 0.000 0.923 0.978 0.994 0.949 0.972 0.000 0.990 0.987 0.000 0.000 0.000 0.000 0.000 0.000 0.000 0.000 0.000 0.000 0.997 0.145 0.000 0.000 0.000 0.000
0.000 0.000 0.000 0.000 0.000 0.000 0.000 0.986 0.997 0.980 0.922 0.000 0.894 0.990 0.000 0.997 0.986 0.000 0.000 0.000 0.000 0.000 0.000 0.000 0.000 0.094 0.976 0.033 0.092 0.000 0.000 0.000
0.000 0.000 0.000 0.000 0.000 0.017 0.931 0.946 0.999 0.954 0.985 0.021 0.000 0.987 0.997 0.000 0.990 0.990 0.001 0.000 0.000 0.000 0.000 0.033 0.972 0.981 1.000 0.591 0.000 0.000 0.000 0.000
0.001 0.997 0.008 0.000 0.000 0.967 0.996 0.996 0.973 0.000 0.000 0.000 0.000 0.000 0.986 0.990 0.000 1.000 0.902 0.000 0.000 0.000 0.000 0.862 0.965 0.994 0.994 0.987 1.000 0.997 0.000 0.000
0.000 0.174 0.000 0.000 0.944 0.996 0.993 0.923 0.998 0.000 0.000 0.000 0.000 0.000 0.000 0.990 1.000 0.000 0.989 0.993 0.011 0.000 0.956 0.961 0.995 0.971 0.000 0.000 0.000 0.157 0.000 0.000
0.000 0.000 0.247 0.852 0.982 0.997 0.922 0.000 0.000 0.000 0.000 0.000 0.000 0.000 0.000 0.001 0.902 0.989 0.000 0.987 0.975 0.971 0.952 0.991 0.951 0.081 0.000 0.000 0.000 0.069 0.000 0.000
0.000 0.002 0.000 0.031 0.999 0.979 0.982 0.000 0.840 0.000 0.000 0.000 0.000 0.000 0.000 0.000 0.000 0.993 0.987 0.000 0.995 0.930 0.940 0.281 0.000 0.000 0.000 0.000 0.000 0.000 0.000 0.000
0.000 0.000 0.000 0.653 0.963 0.156 0.000 0.000 0.000 0.000 0.000 0.000 0.000 0.000 0.000 0.000 0.000 0.011 0.975 0.995 0.000 0.991 0.978 0.163 0.000 0.000 0.000 0.000 0.000 0.000 0.000 0.000
0.000 0.000 0.000 0.010 0.168 0.554 0.000 0.000 0.000 0.000 0.000 0.000 0.000 0.000 0.000 0.000 0.000 0.000 0.971 0.930 0.991 0.000 0.998 0.982 0.002 0.000 0.000 0.000 0.000 0.000 0.000 0.000
0.000 0.000 0.000 0.000 0.000 0.000 0.000 0.000 0.015 0.000 0.000 0.000 0.000 0.000 0.000 0.000 0.000 0.956 0.952 0.940 0.978 0.998 0.000 0.999 0.946 0.000 0.000 0.000 0.000 0.000 0.000 0.000
0.000 0.000 0.000 0.000 0.000 0.965 0.000 0.000 0.000 0.000 0.000 0.000 0.000 0.000 0.000 0.033 0.862 0.961 0.991 0.281 0.163 0.982 0.999 0.000 0.982 0.932 0.000 0.000 0.000 0.000 0.000 0.000
0.000 0.000 0.000 0.000 0.000 0.954 0.000 0.000 0.125 0.000 0.000 0.001 0.000 0.000 0.000 0.972 0.965 0.995 0.951 0.000 0.000 0.002 0.946 0.982 0.000 0.996 0.936 0.000 0.000 0.000 0.000 0.000
0.000 0.000 0.000 0.000 0.000 0.994 0.000 0.000 0.000 0.000 0.000 0.000 0.000 0.000 0.094 0.981 0.994 0.971 0.081 0.000 0.000 0.000 0.000 0.932 0.996 0.000 0.998 0.993 0.939 0.984 0.714 0.000
0.000 0.000 0.000 0.000 0.000 0.000 0.000 0.000 0.000 0.123 0.795 0.294 0.000 0.997 0.976 1.000 0.994 0.000 0.000 0.000 0.000 0.000 0.000 0.000 0.936 0.998 0.000 0.997 0.961 0.007 0.000 0.000
0.000 0.000 0.000 0.000 0.000 0.033 0.000 0.000 0.000 0.000 0.000 0.000 0.000 0.145 0.033 0.591 0.987 0.000 0.000 0.000 0.000 0.000 0.000 0.000 0.000 0.993 0.997 0.000 0.985 0.971 0.022 0.000
0.796 0.995 0.517 0.000 0.000 0.001 0.000 0.632 0.000 0.000 0.000 0.000 0.000 0.000 0.092 0.000 1.000 0.000 0.000 0.000 0.000 0.000 0.000 0.000 0.000 0.939 0.961 0.985 0.000 0.993 0.949 0.211
0.191 0.989 0.997 0.001 0.000 0.999 0.272 0.002 0.000 0.000 0.000 0.000 0.000 0.000 0.000 0.000 0.997 0.157 0.069 0.000 0.000 0.000 0.000 0.000 0.000 0.984 0.007 0.971 0.993 0.000 0.998 0.967
0.244 0.390 0.978 0.011 0.000 0.184 0.000 0.000 0.000 0.000 0.000 0.026 0.000 0.000 0.000 0.000 0.000 0.000 0.000 0.000 0.000 0.000 0.000 0.000 0.000 0.714 0.000 0.022 0.949 0.998 0.000 0.993
0.441 0.342 0.978 0.481 0.000 0.032 0.000 0.000 0.000 0.000 0.000 0.164 0.000 0.000 0.000 0.000 0.000 0.000 0.000 0.000 0.000 0.000 0.000 0.000 0.000 0.000 0.000 0.000 0.211 0.967 0.993 0.000
