0.000 0.995 0.982 0.705 0.136 0.309 0.000 0.000 0.000 0.002 0.001 0.000 0.000 0.000 0.000 0.004 0.085 0.711 0.779 0.567 0.079 0.000 0.000 0.000 0.000 0.000 0.000 0.002 0.001 0.028
0.995 0.000 0.997 0.946 0.000 0.000 0.000 0.000 0.000 0.000 0.000 0.000 0.000 0.000 0.000 0.000 0.925 0.992 0.966 0.849 0.165 0.000 0.000 0.000 0.000 0.000 0.000 0.001 0.000 0.033
0.982 0.997 0.000 0.991 0.942 0.000 0.000 0.000 0.000 0.000 0.000 0.000 0.000 0.000 0.021 0.990 0.997 1.000 0.969 0.000 0.156 0.000 0.981 0.983 1.000 0.000 0.002 0.032 1.000 0.487
0.705 0.946 0.991 0.000 1.000 0.989 0.000 0.000 0.000 0.000 0.000 0.000 0.000 0.000 0.959 0.995 0.999 0.940 0.972 0.000 0.000 0.000 0.000 0.000 0.000 0.000 0.000 0.005 0.168 0.002
0.136 0.000 0.942 1.000 0.000 1.000 0.905 0.000 0.000 0.000 0.000 0.000 0.000 0.999 1.000 0.977 0.977 0.000 0.000 0.000 0.000 0.000 0.000 0.000 0.000 0.002 0.000 0.357 0.005 0.002
0.309 0.000 0.000 0.989 1.000 0.000 0.975 0.856 0.000 0.000 0.000 0.000 0.883 0.997 1.000 0.922 0.971 0.000 0.851 0.000 0.000 0.000 0.000 0.141 0.000 0.004 0.000 0.000 0.000 0.000
0.000 0.000 0.000 0.000 0.905 0.975 0.000 1.000 0.978 0.001 0.000 0.968 1.000 0.996 0.999 0.000 0.000 0.000 0.000 0.000 0.000 0.000 0.000 0.007 0.000 0.029 0.000 0.000 0.000 0.000
0.000 0.000 0.000 0.000 0.000 0.856 1.000 0.000 0.999 0.986 0.988 0.981 0.995 0.899 0.983 0.000 0.000 0.000 0.000 0.000 0.000 0.000 0.000 0.794 0.000 0.940 0.000 0.000 0.000 0.000
0.000 0.000 0.000 0.000 0.000 0.000 0.978 0.999 0.000 0.989 0.979 0.975 0.830 0.000 0.456 0.000 0.000 0.000 0.000 0.000 0.000 0.000 0.000 0.009 0.000 0.000 0.000 0.000 0.000 0.000
0.002 0.000 0.000 0.000 0.000 0.000 0.001 0.986 0.989 0.000 0.989 0.940 0.034 0.000 0.000 0.000 0.000 0.000 0.000 0.000 0.000 0.000 0.000 0.007 0.000 0.103 0.000 0.000 0.000 0.000
0.001 0.000 0.000 0.000 0.000 0.000 0.000 0.988 0.979 0.989 0.000 0.992 0.983 0.000 0.013 0.000 0.000 0.000 0.000 0.000 0.000 0.000 0.000 0.064 0.000 0.912 0.000 0.000 0.000 0.000
0.000 0.000 0.000 0.000 0.000 0.000 0.968 0.981 0.975 0.940 0.992 0.000 0.996 0.829 0.000 0.000 0.000 0.000 0.000 0.000 0.000 0.000 0.000 0.000 0.000 0.008 0.000 0.000 0.000 0.000
0.000 0.000 0.000 0.000 0.000 0.883 1.000 0.995 0.830 0.034 0.983 0.996 0.000 0.976 0.962 0.004 0.000 0.000 0.000 0.000 0.000 0.000 0.000 0.014 0.000 0.999 0.081 0.001 0.000 0.000
0.000 0.000 0.000 0.000 0.999 0.997 0.996 0.899 0.000 0.000 0.000 0.829 0.976 0.000 0.997 0.902 0.000 0.000 0.000 0.000 0.000 0.000 0.000 0.001 0.051 0.981 0.009 0.003 0.000 0.000
0.000 0.000 0.021 0.959 1.000 1.000 0.999 0.983 0.456 0.000 0.013 0.000 0.962 0.997 0.000 0.968 0.982 0.000 0.000 0.000 0.000 0.000 0.020 0.996 0.933 0.992 0.485 0.000 0.000 0.000
0.004 0.000 0.990 0.995 0.977 0.922 0.000 0.000 0.000 0.000 0.000 0.000 0.004 0.902 0.968 0.000 1.000 0.959 0.000 0.000 0.000 0.000 0.917 0.979 0.998 0.993 0.982 0.992 0.980 0.109
0.085 0.925 0.997 0.999 0.977 0.971 0.000 0.000 0.000 0.000 0.000 0.000 0.000 0.000 0.982 1.000 0.000 0.990 1.000 0.006 0.007 0.953 0.965 0.995 0.974 0.000 0.000 0.000 0.163 0.000
0.711 0.992 1.000 0.940 0.000 0.000 0.000 0.000 0.000 0.000 0.000 0.000 0.000 0.000 0.000 0.959 0.990 0.000 0.988 0.999 0.993 0.959 0.995 0.982 0.007 0.000 0.000 0.000 0.008 0.000
0.779 0.966 0.969 0.972 0.000 0.851 0.000 0.000 0.000 0.000 0.000 0.000 0.000 0.000 0.000 0.000 1.000 0.988 0.000 0.984 0.951 0.965 0.211 0.000 0.000 0.000 0.000 0.000 0.000 0.000
0.567 0.849 0.000 0.000 0.000 0.000 0.000 0.000 0.000 0.000 0.000 0.000 0.000 0.000 0.000 0.000 0.006 0.999 0.984 0.000 1.000 0.993 0.026 0.000 0.000 0.000 0.000 0.000 0.000 0.000
0.079 0.165 0.156 0.000 0.000 0.000 0.000 0.000 0.000 0.000 0.000 0.000 0.000 0.000 0.000 0.000 0.007 0.993 0.951 1.000 0.000 0.994 1.000 0.000 0.002 0.000 0.000 0.000 0.000 0.000
0.000 0.000 0.000 0.000 0.000 0.000 0.000 0.000 0.000 0.000 0.000 0.000 0.000 0.000 0.000 0.000 0.953 0.959 0.965 0.993 0.994 0.000 0.994 0.952 0.000 0.000 0.000 0.000 0.000 0.000
0.000 0.000 0.981 0.000 0.000 0.000 0.000 0.000 0.000 0.000 0.000 0.000 0.000 0.000 0.020 0.917 0.965 0.995 0.211 0.026 1.000 0.994 0.000 0.998 0.970 0.000 0.001 0.000 0.011 0.001
0.000 0.000 0.983 0.000 0.000 0.141 0.007 0.794 0.009 0.007 0.064 0.000 0.014 0.001 0.996 0.979 0.995 0.982 0.000 0.000 0.000 0.952 0.998 0.000 0.995 0.987 0.000 0.000 0.000 0.000
0.000 0.000 1.000 0.000 0.000 0.000 0.000 0.000 0.000 0.000 0.000 0.000 0.000 0.051 0.933 0.998 0.974 0.007 0.000 0.000 0.002 0.000 0.970 0.995 0.000 0.992 0.995 0.987 0.999 0.508
0.000 0.000 0.000 0.000 0.002 0.004 0.029 0.940 0.000 0.103 0.912 0.008 0.999 0.981 0.992 0.993 0.000 0.000 0.000 0.000 0.000 0.000 0.000 0.987 0.992 0.000 0.996 0.972 0.021 0.000
0.000 0.000 0.002 0.000 0.000 0.000 0.000 0.000 0.000 0.000 0.000 0.000 0.081 0.009 0.485 0.982 0.000 0.000 0.000 0.000 0.000 0.000 0.001 0.000 0.995 0.996 0.000 1.000 0.994 0.023
0.002 0.001 0.032 0.005 0.357 0.000 0.000 0.000 0.000 0.000 0.000 0.000 0.001 0.003 0.000 0.992 0.000 0.000 0.000 0.000 0.000 0.000 0.000 0.000 0.987 0.972 1.000 0.000 0.996 0.994
0.001 0.000 1.000 0.168 0.005 0.000 0.000 0.000 0.000 0.000 0.000 0.000 0.000 0.000 0.000 0.980 0.163 0.008 0.000 0.000 0.000 0.000 0.011 0.000 0.999 0.021 0.994 0.996 0.000 0.998
0.028 0.033 0.487 0.002 0.002 0.000 0.000 0.000 0.000 0.000 0.000 0.000 0.000 0.000 0.000 0.109 0.000 0.000 0.000 0.000 0.000 0.000 0.001 0.000 0.508 0.000 0.023 0.994 0.998 0.000
