0.000 0.991 0.918 0.215 0.000 0.000 0.000 0.000 0.014 0.000 0.000 0.000 0.000 0.000 0.000 0.000 0.000 0.000 0.000 0.000 0.000 0.000 0.000 0.000 0.000 0.000 0.000 0.000 0.000 0.000 0.001 0.008 0.986 0.061
0.991 0.000 0.990 0.966 0.000 0.000 0.000 0.000 0.027 0.000 0.000 0.000 0.000 0.000 0.000 0.000 0.000 0.000 0.000 0.000 0.000 0.000 0.000 0.000 0.000 0.000 0.000 0.000 0.000 0.000 0.000 0.004 0.988 0.007
0.918 0.990 0.000 1.000 0.900 0.040 0.999 0.981 0.974 0.000 0.000 0.000 0.000 0.000 0.000 0.000 0.002 0.000 0.960 0.136 0.000 0.000 0.000 0.000 0.000 0.000 0.000 0.000 0.000 0.000 0.868 0.971 0.984 0.003
0.215 0.966 1.000 0.000 0.977 0.984 0.995 0.000 0.000 0.000 0.000 0.000 0.000 0.000 0.000 0.000 0.000 0.000 0.003 0.000 0.285 0.000 0.000 0.000 0.000 0.000 0.000 0.000 0.000 0.000 0.112 0.974 0.973 0.082
0.000 0.000 0.900 0.977 0.000 0.991 0.943 0.000 0.000 0.000 0.000 0.000 0.000 0.000 0.000 0.000 0.000 0.000 0.000 0.000 0.817 0.006 0.747 0.101 0.000 0.000 0.000 0.000 0.000 0.000 0.000 0.009 0.000 0.000
0.000 0.000 0.040 0.984 0.991 0.000 0.996 0.974 0.000 0.000 0.000 0.000 0.000 0.000 0.000 0.000 0.000 0.000 0.000 0.914 0.963 0.965 0.949 0.433 0.000 0.000 0.000 0.000 0.000 0.000 0.000 0.000 0.000 0.000
0.000 0.000 0.999 0.995 0.943 0.996 0.000 1.000 0.964 0.000 0.000 0.000 0.000 0.000 0.000 0.000 0.000 0.036 1.000 0.997 1.000 0.908 0.193 0.262 0.000 0.953 0.896 0.993 0.000 0.120 0.016 0.991 0.000 0.001
0.000 0.000 0.981 0.000 0.000 0.974 1.000 0.000 1.000 0.964 0.000 0.000 0.000 0.000 0.000 0.000 0.000 0.904 0.981 0.985 0.958 0.935 0.001 0.000 0.000 0.000 0.000 0.000 0.000 0.000 0.000 0.230 0.000 0.000
0.014 0.027 0.974 0.000 0.000 0.000 0.964 1.000 0.000 0.983 0.934 0.000 0.000 0.000 0.000 0.001 0.869 0.955 0.998 0.954 0.000 0.084 0.000 0.000 0.000 0.000 0.000 0.000 0.001 0.000 0.059 0.055 0.666 0.000
0.000 0.000 0.000 0.000 0.000 0.000 0.000 0.964 0.983 0.000 0.999 0.943 0.000 0.000 0.000 0.907 0.955 0.999 0.991 0.942 0.000 0.079 0.000 0.000 0.000 0.000 0.109 0.000 0.000 0.000 0.000 0.000 0.000 0.000
0.000 0.000 0.000 0.000 0.000 0.000 0.000 0.000 0.934 0.999 0.000 0.994 0.961 0.086 0.969 0.969 0.989 0.999 0.000 0.000 0.000 0.000 0.000 0.000 0.000 0.000 0.000 0.000 0.044 0.000 0.000 0.000 0.000 0.000
0.000 0.000 0.000 0.000 0.000 0.000 0.000 0.000 0.000 0.943 0.994 0.000 0.999 0.963 0.978 0.990 0.948 0.994 0.000 0.000 0.000 0.000 0.000 0.000 0.000 0.000 0.001 0.000 0.968 0.000 0.000 0.000 0.000 0.000
0.000 0.000 0.000 0.000 0.000 0.000 0.000 0.000 0.000 0.000 0.961 0.999 0.000 0.987 0.979 0.627 0.000 0.088 0.000 0.000 0.000 0.000 0.002 0.000 0.000 0.000 0.000 0.000 0.000 0.000 0.000 0.000 0.000 0.000
0.000 0.000 0.000 0.000 0.000 0.000 0.000 0.000 0.000 0.000 0.086 0.963 0.987 0.000 0.976 0.989 0.000 0.000 0.000 0.000 0.000 0.000 0.007 0.000 0.000 0.000 0.000 0.000 0.186 0.000 0.000 0.000 0.000 0.000
0.000 0.000 0.000 0.000 0.000 0.000 0.000 0.000 0.000 0.000 0.969 0.978 0.979 0.976 0.000 0.999 0.970 0.000 0.000 0.000 0.000 0.000 0.000 0.000 0.000 0.000 0.000 0.000 0.000 0.000 0.000 0.000 0.000 0.000
0.000 0.000 0.000 0.000 0.000 0.000 0.000 0.000 0.001 0.907 0.969 0.990 0.627 0.989 0.999 0.000 0.998 0.987 0.000 0.000 0.000 0.000 0.002 0.000 0.000 0.000 0.000 0.000 0.963 0.006 0.000 0.000 0.000 0.000
0.000 0.000 0.002 0.000 0.000 0.000 0.000 0.000 0.869 0.955 0.989 0.948 0.000 0.000 0.970 0.998 0.000 0.992 0.956 0.000 0.000 0.000 0.000 0.000 0.000 0.000 0.000 0.050 0.970 0.020 0.125 0.000 0.176 0.011
0.000 0.000 0.000 0.000 0.000 0.000 0.036 0.904 0.955 0.999 0.999 0.994 0.088 0.000 0.000 0.987 0.992 0.000 1.000 0.994 0.000 0.000 0.000 0.000 0.000 0.011 1.000 0.999 0.985 0.389 0.000 0.000 0.000 0.000
0.000 0.000 0.960 0.003 0.000 0.000 1.000 0.981 0.998 0.991 0.000 0.000 0.000 0.000 0.000 0.000 0.956 1.000 0.000 0.994 0.973 0.000 0.000 0.000 0.000 0.986 0.990 0.992 0.948 0.972 0.994 0.998 0.885 0.017
0.000 0.000 0.136 0.000 0.000 0.914 0.997 0.985 0.954 0.942 0.000 0.000 0.000 0.000 0.000 0.000 0.000 0.994 0.994 0.000 1.000 0.996 0.015 0.000 0.980 0.991 0.977 0.960 0.000 0.000 0.000 0.084 0.000 0.000
0.000 0.000 0.000 0.285 0.817 0.963 1.000 0.958 0.000 0.000 0.000 0.000 0.000 0.000 0.000 0.000 0.000 0.000 0.973 1.000 0.000 0.996 0.984 0.985 0.987 0.989 0.948 0.168 0.000 0.000 0.000 0.035 0.000 0.000
0.000 0.000 0.000 0.000 0.006 0.965 0.908 0.935 0.084 0.079 0.000 0.000 0.000 0.000 0.000 0.000 0.000 0.000 0.000 0.996 0.996 0.000 0.994 0.965 0.985 0.492 0.000 0.000 0.000 0.000 0.000 0.000 0.000 0.000
0.000 0.000 0.000 0.000 0.747 0.949 0.193 0.001 0.000 0.000 0.000 0.000 0.002 0.007 0.000 0.002 0.000 0.000 0.000 0.015 0.984 0.994 0.000 0.999 0.976 0.186 0.000 0.000 0.000 0.000 0.000 0.000 0.000 0.000
0.000 0.000 0.000 0.000 0.101 0.433 0.262 0.000 0.000 0.000 0.000 0.000 0.000 0.000 0.000 0.000 0.000 0.000 0.000 0.000 0.985 0.965 0.999 0.000 0.997 0.977 0.000 0.000 0.000 0.000 0.000 0.000 0.000 0.000
0.000 0.000 0.000 0.000 0.000 0.000 0.000 0.000 0.000 0.000 0.000 0.000 0.000 0.000 0.000 0.000 0.000 0.000 0.000 0.980 0.987 0.985 0.976 0.997 0.000 0.998 0.934 0.000 0.000 0.000 0.000 0.000 0.000 0.000
0.000 0.000 0.000 0.000 0.000 0.000 0.953 0.000 0.000 0.000 0.000 0.000 0.000 0.000 0.000 0.000 0.000 0.011 0.986 0.991 0.989 0.492 0.186 0.977 0.998 0.000 0.987 0.985 0.000 0.000 0.000 0.000 0.000 0.000
0.000 0.000 0.000 0.000 0.000 0.000 0.896 0.000 0.000 0.109 0.000 0.001 0.000 0.000 0.000 0.000 0.000 1.000 0.990 0.977 0.948 0.000 0.000 0.000 0.934 0.987 0.000 1.000 0.974 0.000 0.000 0.000 0.000 0.000
0.000 0.000 0.000 0.000 0.000 0.000 0.993 0.000 0.000 0.000 0.000 0.000 0.000 0.000 0.000 0.000 0.050 0.999 0.992 0.960 0.168 0.000 0.000 0.000 0.000 0.985 1.000 0.000 0.995 0.977 0.788 0.898 0.000 0.001
0.000 0.000 0.000 0.000 0.000 0.000 0.000 0.000 0.001 0.000 0.044 0.968 0.000 0.186 0.000 0.963 0.970 0.985 0.948 0.000 0.000 0.000 0.000 0.000 0.000 0.000 0.974 0.995 0.000 1.000 0.878 0.010 0.000 0.003
0.000 0.000 0.000 0.000 0.000 0.000 0.120 0.000 0.000 0.000 0.000 0.000 0.000 0.000 0.000 0.006 0.020 0.389 0.972 0.000 0.000 0.000 0.000 0.000 0.000 0.000 0.000 0.977 1.000 0.000 0.978 0.930 0.003 0.649
0.001 0.000 0.868 0.112 0.000 0.000 0.016 0.000 0.059 0.000 0.000 0.000 0.000 0.000 0.000 0.000 0.125 0.000 0.994 0.000 0.000 0.000 0.000 0.000 0.000 0.000 0.000 0.788 0.878 0.978 0.000 0.980 0.999 0.900
0.008 0.004 0.971 0.974 0.009 0.000 0.991 0.230 0.055 0.000 0.000 0.000 0.000 0.000 0.000 0.000 0.000 0.000 0.998 0.084 0.035 0.000 0.000 0.000 0.000 0.000 0.000 0.898 0.010 0.930 0.980 0.000 0.989 0.957
0.986 0.988 0.984 0.973 0.000 0.000 0.000 0.000 0.666 0.000 0.000 0.000 0.000 0.000 0.000 0.000 0.176 0.000 0.885 0.000 0.000 0.000 0.000 0.000 0.000 0.000 0.000 0.000 0.000 0.003 0.999 0.989 0.000 0.991
0.061 0.007 0.003 0.082 0.000 0.000 0.001 0.000 0.000 0.000 0.000 0.000 0.000 0.000 0.000 0.000 0.011 0.000 0.017 0.000 0.000 0.000 0.000 0.000 0.000 0.000 0.000 0.001 0.003 0.649 0.900 0.957 0.991 0.000
