0.000 0.997 0.958 0.022 0.000 0.014 0.000 0.073 0.000 0.000 0.000 0.000 0.000 0.000 0.000 0.000 0.000 0.041 0.000 0.000 0.000 0.000 0.000 0.000 0.000 0.000 0.000 0.000 0.000 0.072 0.576 0.527 0.000 0.006
0.997 0.000 0.999 0.885 0.012 0.982 0.903 0.953 0.003 0.000 0.000 0.000 0.000 0.000 0.000 0.012 0.003 0.996 0.146 0.000 0.005 0.000 0.000 0.000 0.000 0.000 0.004 0.000 0.002 0.072 0.967 0.276 0.000 0.020
0.958 0.999 0.000 0.991 0.907 0.999 0.002 0.001 0.000 0.000 0.000 0.000 0.000 0.000 0.000 0.000 0.000 0.056 0.000 0.007 0.001 0.020 0.000 0.000 0.000 0.000 0.007 0.000 0.007 0.191 0.996 0.648 0.047 0.842
0.022 0.885 0.991 0.000 0.982 0.960 0.000 0.000 0.000 0.000 0.000 0.000 0.000 0.000 0.000 0.000 0.000 0.000 0.000 0.295 0.099 0.292 0.001 0.000 0.000 0.000 0.020 0.000 0.000 0.000 0.002 0.040 0.000 0.552
0.000 0.012 0.907 0.982 0.000 0.988 0.916 0.000 0.000 0.000 0.000 0.000 0.000 0.000 0.000 0.000 0.000 0.000 0.911 0.928 0.963 0.821 0.009 0.015 0.000 0.000 0.431 0.000 0.000 0.000 0.000 0.000 0.000 0.084
0.014 0.982 0.999 0.960 0.988 0.000 0.993 0.886 0.000 0.000 0.000 0.000 0.000 0.000 0.000 0.000 0.000 0.987 0.960 0.923 0.933 0.284 0.068 0.003 0.003 0.002 0.982 0.587 0.994 0.950 0.968 0.005 0.083 0.969
0.000 0.903 0.002 0.000 0.916 0.993 0.000 0.975 0.982 0.000 0.000 0.000 0.000 0.000 0.000 0.000 0.868 0.981 0.992 0.899 0.883 0.006 0.000 0.561 0.000 0.000 0.482 0.000 0.000 0.000 0.006 0.000 0.000 0.000
0.073 0.953 0.001 0.000 0.000 0.886 0.975 0.000 0.997 0.925 0.000 0.000 0.000 0.000 0.000 0.978 0.997 0.991 0.887 0.000 0.002 0.000 0.000 0.002 0.000 0.000 0.000 0.000 0.000 0.028 0.046 0.004 0.000 0.000
0.000 0.003 0.000 0.000 0.000 0.000 0.982 0.997 0.000 0.995 0.940 0.032 0.000 0.000 0.910 0.973 1.000 0.934 0.987 0.008 0.240 0.000 0.002 0.673 0.005 0.051 0.000 0.000 0.000 0.000 0.000 0.000 0.000 0.000
0.000 0.000 0.000 0.000 0.000 0.000 0.000 0.925 0.995 0.000 0.999 0.931 0.014 0.804 0.987 0.981 0.991 0.000 0.000 0.000 0.000 0.000 0.000 0.000 0.000 0.000 0.000 0.000 0.000 0.000 0.000 0.000 0.000 0.000
0.000 0.000 0.000 0.000 0.000 0.000 0.000 0.000 0.940 0.999 0.000 0.995 1.000 0.987 0.996 0.939 0.982 0.000 0.000 0.000 0.000 0.000 0.000 0.000 0.000 0.000 0.000 0.013 0.000 0.000 0.000 0.000 0.000 0.000
0.000 0.000 0.000 0.000 0.000 0.000 0.000 0.000 0.032 0.931 0.995 0.000 0.994 0.946 0.654 0.000 0.768 0.000 0.000 0.000 0.000 0.000 0.000 0.000 0.000 0.000 0.000 0.000 0.000 0.000 0.000 0.000 0.000 0.000
0.000 0.000 0.000 0.000 0.000 0.000 0.000 0.000 0.000 0.014 1.000 0.994 0.000 0.985 0.998 0.000 0.044 0.000 0.000 0.000 0.000 0.000 0.000 0.000 0.000 0.010 0.000 0.013 0.000 0.000 0.000 0.000 0.000 0.000
0.000 0.000 0.000 0.000 0.000 0.000 0.000 0.000 0.000 0.804 0.987 0.946 0.985 0.000 0.994 0.915 0.000 0.000 0.000 0.000 0.000 0.000 0.000 0.000 0.000 0.000 0.000 0.000 0.000 0.000 0.000 0.000 0.000 0.000
0.000 0.000 0.000 0.000 0.000 0.000 0.000 0.000 0.910 0.987 0.996 0.654 0.998 0.994 0.000 0.998 0.978 0.000 0.000 0.000 0.000 0.000 0.000 0.000 0.000 0.059 0.000 0.013 0.000 0.000 0.000 0.000 0.000 0.000
0.000 0.012 0.000 0.000 0.000 0.000 0.000 0.978 0.973 0.981 0.939 0.000 0.000 0.915 0.998 0.000 0.990 0.952 0.000 0.000 0.000 0.000 0.000 0.000 0.000 0.000 0.002 0.049 0.002 0.072 0.002 0.002 0.000 0.000
0.000 0.003 0.000 0.000 0.000 0.000 0.868 0.997 1.000 0.991 0.982 0.768 0.044 0.000 0.978 0.990 0.000 0.984 0.981 0.000 0.000 0.000 0.000 0.187 0.055 0.966 0.776 0.074 0.014 0.003 0.000 0.000 0.000 0.000
0.041 0.996 0.056 0.000 0.000 0.987 0.981 0.991 0.934 0.000 0.000 0.000 0.000 0.000 0.000 0.952 0.984 0.000 0.992 0.871 0.000 0.000 0.000 0.000 0.811 0.930 0.986 0.111 0.736 0.762 0.923 0.043 0.000 0.010
0.000 0.146 0.000 0.000 0.911 0.960 0.992 0.887 0.987 0.000 0.000 0.000 0.000 0.000 0.000 0.000 0.981 0.992 0.000 0.997 0.959 0.002 0.044 0.913 0.944 0.977 0.989 0.000 0.000 0.000 0.000 0.000 0.000 0.000
0.000 0.000 0.007 0.295 0.928 0.923 0.899 0.000 0.008 0.000 0.000 0.000 0.000 0.000 0.000 0.000 0.000 0.871 0.997 0.000 0.999 0.972 0.977 0.971 0.989 0.949 0.981 0.128 0.000 0.000 0.000 0.000 0.000 0.161
0.000 0.005 0.001 0.099 0.963 0.933 0.883 0.002 0.240 0.000 0.000 0.000 0.000 0.000 0.000 0.000 0.000 0.000 0.959 0.999 0.000 0.994 0.930 0.980 0.219 0.000 0.400 0.000 0.000 0.000 0.000 0.000 0.000 0.004
0.000 0.000 0.020 0.292 0.821 0.284 0.006 0.000 0.000 0.000 0.000 0.000 0.000 0.000 0.000 0.000 0.000 0.000 0.002 0.972 0.994 0.000 0.992 0.974 0.063 0.000 0.001 0.000 0.000 0.000 0.000 0.000 0.000 0.043
0.000 0.000 0.000 0.001 0.009 0.068 0.000 0.000 0.002 0.000 0.000 0.000 0.000 0.000 0.000 0.000 0.000 0.000 0.044 0.977 0.930 0.992 0.000 0.990 0.980 0.067 0.354 0.115 0.000 0.000 0.000 0.000 0.000 0.029
0.000 0.000 0.000 0.000 0.015 0.003 0.561 0.002 0.673 0.000 0.000 0.000 0.000 0.000 0.000 0.000 0.187 0.000 0.913 0.971 0.980 0.974 0.990 0.000 0.985 0.943 0.063 0.000 0.000 0.000 0.000 0.000 0.000 0.000
0.000 0.000 0.000 0.000 0.000 0.003 0.000 0.000 0.005 0.000 0.000 0.000 0.000 0.000 0.000 0.000 0.055 0.811 0.944 0.989 0.219 0.063 0.980 0.985 0.000 1.000 0.961 0.634 0.000 0.000 0.000 0.000 0.000 0.007
0.000 0.000 0.000 0.000 0.000 0.002 0.000 0.000 0.051 0.000 0.000 0.000 0.010 0.000 0.059 0.000 0.966 0.930 0.977 0.949 0.000 0.000 0.067 0.943 1.000 0.000 0.994 0.986 0.001 0.000 0.000 0.000 0.000 0.009
0.000 0.004 0.007 0.020 0.431 0.982 0.482 0.000 0.000 0.000 0.000 0.000 0.000 0.000 0.000 0.002 0.776 0.986 0.989 0.981 0.400 0.001 0.354 0.063 0.961 0.994 0.000 0.998 0.990 0.020 0.133 0.000 0.000 0.596
0.000 0.000 0.000 0.000 0.000 0.587 0.000 0.000 0.000 0.000 0.013 0.000 0.013 0.000 0.013 0.049 0.074 0.111 0.000 0.128 0.000 0.000 0.115 0.000 0.634 0.986 0.998 0.000 0.998 0.805 0.000 0.000 0.001 0.357
0.000 0.002 0.007 0.000 0.000 0.994 0.000 0.000 0.000 0.000 0.000 0.000 0.000 0.000 0.000 0.002 0.014 0.736 0.000 0.000 0.000 0.000 0.000 0.000 0.000 0.001 0.990 0.998 0.000 0.974 0.948 0.008 0.959 0.968
0.072 0.072 0.191 0.000 0.000 0.950 0.000 0.028 0.000 0.000 0.000 0.000 0.000 0.000 0.000 0.072 0.003 0.762 0.000 0.000 0.000 0.000 0.000 0.000 0.000 0.000 0.020 0.805 0.974 0.000 1.000 0.998 0.986 0.948
0.576 0.967 0.996 0.002 0.000 0.968 0.006 0.046 0.000 0.000 0.000 0.000 0.000 0.000 0.000 0.002 0.000 0.923 0.000 0.000 0.000 0.000 0.000 0.000 0.000 0.000 0.133 0.000 0.948 1.000 0.000 1.000 0.983 0.962
0.527 0.276 0.648 0.040 0.000 0.005 0.000 0.004 0.000 0.000 0.000 0.000 0.000 0.000 0.000 0.002 0.000 0.043 0.000 0.000 0.000 0.000 0.000 0.000 0.000 0.000 0.000 0.000 0.008 0.998 1.000 0.000 0.995 0.951
0.000 0.000 0.047 0.000 0.000 0.083 0.000 0.000 0.000 0.000 0.000 0.000 0.000 0.000 0.000 0.000 0.000 0.000 0.000 0.000 0.000 0.000 0.000 0.000 0.000 0.000 0.000 0.001 0.959 0.986 0.983 0.995 0.000 0.996
0.006 0.020 0.842 0.552 0.084 0.969 0.000 0.000 0.000 0.000 0.000 0.000 0.000 0.000 0.000 0.000 0.000 0.010 0.000 0.161 0.004 0.043 0.029 0.000 0.007 0.009 0.596 0.357 0.968 0.948 0.962 0.951 0.996 0.000
