0.000 0.998 0.985 0.007 0.000 0.000 0.000 0.024 0.000 0.000 0.000 0.000 0.001 0.000 0.000 0.000 0.000 0.037 0.000 0.000 0.000 0.000 0.000 0.000 0.000 0.000 0.000 0.000 0.000 0.242 0.053 0.933 0.001 0.000
0.998 0.000 1.000 1.000 0.006 1.000 0.998 1.000 0.001 0.000 0.000 0.000 0.000 0.000 0.000 0.000 0.002 0.998 0.275 0.000 0.025 0.000 0.000 0.000 0.000 0.000 0.000 0.000 0.000 0.899 0.984 0.985 0.000 0.000
0.985 1.000 0.000 1.000 1.000 1.000 0.011 0.001 0.000 0.000 0.000 0.000 0.000 0.000 0.000 0.000 0.000 0.031 0.000 0.000 0.021 0.005 0.000 0.000 0.000 0.000 0.000 0.000 0.000 0.493 0.994 0.992 0.036 0.006
0.007 1.000 1.000 0.000 1.000 1.000 0.010 0.000 0.000 0.000 0.000 0.000 0.000 0.000 0.000 0.000 0.000 0.000 0.000 0.029 0.262 0.335 0.002 0.000 0.000 0.000 0.000 0.000 0.000 0.000 0.002 0.003 0.000 0.000
0.000 0.006 1.000 1.000 0.000 1.000 1.000 0.000 0.000 0.000 0.000 0.000 0.000 0.000 0.000 0.000 0.000 0.000 0.983 0.987 1.000 0.998 0.057 0.000 0.000 0.000 0.000 0.000 0.000 0.000 0.000 0.000 0.000 0.000
0.000 1.000 1.000 1.000 1.000 0.000 1.000 0.990 0.000 0.000 0.000 0.000 0.000 0.000 0.000 0.000 0.000 1.000 1.000 1.000 1.000 0.110 0.211 0.000 0.987 0.925 1.000 0.000 0.047 0.003 1.000 0.009 0.000 0.000
0.000 0.998 0.011 0.010 1.000 1.000 0.000 1.000 1.000 0.000 0.000 0.000 0.000 0.000 0.000 0.000 0.987 0.995 0.993 0.987 0.993 0.000 0.000 0.003 0.000 0.000 0.000 0.000 0.000 0.000 0.299 0.000 0.000 0.000
0.024 1.000 0.001 0.000 0.000 0.990 1.000 0.000 1.000 0.999 0.006 0.000 0.000 0.003 0.233 0.962 0.988 0.998 0.987 0.000 0.005 0.000 0.000 0.000 0.000 0.000 0.000 0.002 0.000 0.034 0.029 0.001 0.000 0.000
0.000 0.001 0.000 0.000 0.000 0.000 1.000 1.000 0.000 1.000 0.995 0.000 0.000 0.000 0.875 0.718 0.999 0.994 0.996 0.052 0.591 0.000 0.000 0.188 0.000 0.182 0.000 0.002 0.000 0.000 0.000 0.000 0.000 0.000
0.000 0.000 0.000 0.000 0.000 0.000 0.000 0.999 1.000 0.000 0.999 0.972 0.029 0.639 0.773 0.603 0.977 0.001 0.000 0.000 0.000 0.000 0.000 0.000 0.000 0.000 0.000 0.047 0.000 0.000 0.000 0.000 0.000 0.000
0.000 0.000 0.000 0.000 0.000 0.000 0.000 0.006 0.995 0.999 0.000 0.991 0.997 0.995 1.000 0.896 1.000 0.000 0.000 0.000 0.000 0.000 0.000 0.000 0.000 0.000 0.000 0.969 0.000 0.000 0.000 0.000 0.000 0.000
0.000 0.000 0.000 0.000 0.000 0.000 0.000 0.000 0.000 0.972 0.991 0.000 0.999 0.993 0.939 0.000 0.205 0.000 0.000 0.000 0.000 0.000 0.000 0.000 0.000 0.000 0.000 0.094 0.000 0.000 0.000 0.000 0.000 0.001
0.001 0.000 0.000 0.000 0.000 0.000 0.000 0.000 0.000 0.029 0.997 0.999 0.000 0.996 0.996 0.000 0.000 0.000 0.000 0.000 0.000 0.000 0.000 0.000 0.000 0.000 0.000 0.074 0.000 0.000 0.000 0.000 0.000 0.000
0.000 0.000 0.000 0.000 0.000 0.000 0.000 0.003 0.000 0.639 0.995 0.993 0.996 0.000 0.980 0.971 0.000 0.000 0.000 0.000 0.000 0.000 0.000 0.000 0.000 0.000 0.000 0.001 0.000 0.000 0.000 0.000 0.000 0.000
0.000 0.000 0.000 0.000 0.000 0.000 0.000 0.233 0.875 0.773 1.000 0.939 0.996 0.980 0.000 1.000 1.000 0.000 0.000 0.000 0.000 0.000 0.000 0.000 0.000 0.000 0.000 0.965 0.000 0.000 0.000 0.000 0.000 0.000
0.000 0.000 0.000 0.000 0.000 0.000 0.000 0.962 0.718 0.603 0.896 0.000 0.000 0.971 1.000 0.000 1.000 1.000 0.000 0.000 0.000 0.000 0.000 0.000 0.000 0.000 0.511 1.000 0.328 0.297 0.004 0.000 0.004 0.000
0.000 0.002 0.000 0.000 0.000 0.000 0.987 0.988 0.999 0.977 1.000 0.205 0.000 0.000 1.000 1.000 0.000 1.000 1.000 0.000 0.000 0.000 0.000 0.001 0.006 1.000 1.000 1.000 0.487 0.000 0.000 0.000 0.000 0.000
0.037 0.998 0.031 0.000 0.000 1.000 0.995 0.998 0.994 0.001 0.000 0.000 0.000 0.000 0.000 1.000 1.000 0.000 1.000 1.000 0.000 0.000 0.000 0.000 1.000 1.000 1.000 1.000 1.000 1.000 1.000 0.159 0.001 0.000
0.000 0.275 0.000 0.000 0.983 1.000 0.993 0.987 0.996 0.000 0.000 0.000 0.000 0.000 0.000 0.000 1.000 1.000 0.000 1.000 1.000 0.004 0.029 0.945 1.000 1.000 1.000 0.000 0.000 0.000 0.188 0.000 0.000 0.000
0.000 0.000 0.000 0.029 0.987 1.000 0.987 0.000 0.052 0.000 0.000 0.000 0.000 0.000 0.000 0.000 0.000 1.000 1.000 0.000 1.000 1.000 1.000 1.000 1.000 1.000 0.432 0.000 0.000 0.000 0.000 0.000 0.000 0.000
0.000 0.025 0.021 0.262 1.000 1.000 0.993 0.005 0.591 0.000 0.000 0.000 0.000 0.000 0.000 0.000 0.000 0.000 1.000 1.000 0.000 1.000 1.000 0.999 0.037 0.000 0.000 0.000 0.000 0.000 0.000 0.000 0.000 0.000
0.000 0.000 0.005 0.335 0.998 0.110 0.000 0.000 0.000 0.000 0.000 0.000 0.000 0.000 0.000 0.000 0.000 0.000 0.004 1.000 1.000 0.000 1.000 1.000 0.075 0.000 0.000 0.000 0.000 0.000 0.000 0.000 0.000 0.000
0.000 0.000 0.000 0.002 0.057 0.211 0.000 0.000 0.000 0.000 0.000 0.000 0.000 0.000 0.000 0.000 0.000 0.000 0.029 1.000 1.000 1.000 0.000 1.000 1.000 0.000 0.000 0.000 0.000 0.000 0.000 0.000 0.000 0.000
0.000 0.000 0.000 0.000 0.000 0.000 0.003 0.000 0.188 0.000 0.000 0.000 0.000 0.000 0.000 0.000 0.001 0.000 0.945 1.000 0.999 1.000 1.000 0.000 1.000 1.000 0.000 0.000 0.000 0.000 0.000 0.000 0.000 0.000
0.000 0.000 0.000 0.000 0.000 0.987 0.000 0.000 0.000 0.000 0.000 0.000 0.000 0.000 0.000 0.000 0.006 1.000 1.000 1.000 0.037 0.075 1.000 1.000 0.000 1.000 1.000 0.000 0.000 0.000 0.001 0.000 0.000 0.000
0.000 0.000 0.000 0.000 0.000 0.925 0.000 0.000 0.182 0.000 0.000 0.000 0.000 0.000 0.000 0.000 1.000 1.000 1.000 1.000 0.000 0.000 0.000 1.000 1.000 0.000 1.000 1.000 0.000 0.000 0.000 0.000 0.000 0.000
0.000 0.000 0.000 0.000 0.000 1.000 0.000 0.000 0.000 0.000 0.000 0.000 0.000 0.000 0.000 0.511 1.000 1.000 1.000 0.432 0.000 0.000 0.000 0.000 1.000 1.000 0.000 1.000 1.000 0.764 0.988 0.000 0.001 0.000
0.000 0.000 0.000 0.000 0.000 0.000 0.000 0.002 0.002 0.047 0.969 0.094 0.074 0.001 0.965 1.000 1.000 1.000 0.000 0.000 0.000 0.000 0.000 0.000 0.000 1.000 1.000 0.000 1.000 1.000 0.012 0.000 0.001 0.000
0.000 0.000 0.000 0.000 0.000 0.047 0.000 0.000 0.000 0.000 0.000 0.000 0.000 0.000 0.000 0.328 0.487 1.000 0.000 0.000 0.000 0.000 0.000 0.000 0.000 0.000 1.000 1.000 0.000 1.000 1.000 0.003 0.778 0.092
0.242 0.899 0.493 0.000 0.000 0.003 0.000 0.034 0.000 0.000 0.000 0.000 0.000 0.000 0.000 0.297 0.000 1.000 0.000 0.000 0.000 0.000 0.000 0.000 0.000 0.000 0.764 1.000 1.000 0.000 1.000 1.000 1.000 0.037
0.053 0.984 0.994 0.002 0.000 1.000 0.299 0.029 0.000 0.000 0.000 0.000 0.000 0.000 0.000 0.004 0.000 1.000 0.188 0.000 0.000 0.000 0.000 0.000 0.001 0.000 0.988 0.012 1.000 1.000 0.000 1.000 1.000 0.092
0.933 0.985 0.992 0.003 0.000 0.009 0.000 0.001 0.000 0.000 0.000 0.000 0.000 0.000 0.000 0.000 0.000 0.159 0.000 0.000 0.000 0.000 0.000 0.000 0.000 0.000 0.000 0.000 0.003 1.000 1.000 0.000 1.000 0.996
0.001 0.000 0.036 0.000 0.000 0.000 0.000 0.000 0.000 0.000 0.000 0.000 0.000 0.000 0.000 0.004 0.000 0.001 0.000 0.000 0.000 0.000 0.000 0.000 0.000 0.000 0.001 0.001 0.778 1.000 1.000 1.000 0.000 0.997
0.000 0.000 0.006 0.000 0.000 0.000 0.000 0.000 0.000 0.000 0.000 0.001 0.000 0.000 0.000 0.000 0.000 0.000 0.000 0.000 0.000 0.000 0.000 0.000 0.000 0.000 0.000 0.000 0.092 0.037 0.092 0.996 0.997 0.000
