0.000 0.984 0.928 0.382 0.001 0.003 0.000 0.000 0.000 0.000 0.000 0.000 0.007 0.010 0.000 0.000 0.000 0.000 0.000 0.000 0.000 0.000 0.000 0.003 0.003 0.000 0.000 0.003 0.000 0.004 0.042 0.733 0.690 0.750
0.984 0.000 0.999 0.966 0.094 0.029 0.053 0.000 0.000 0.000 0.000 0.000 0.001 0.001 0.000 0.000 0.000 0.000 0.000 0.006 0.000 0.004 0.001 0.000 0.002 0.000 0.000 0.007 0.000 0.000 0.013 0.592 0.577 0.206
0.928 0.999 0.000 0.994 0.896 0.408 0.119 0.000 0.000 0.000 0.000 0.000 0.000 0.002 0.000 0.000 0.000 0.000 0.000 0.009 0.000 0.006 0.000 0.000 0.000 0.000 0.000 0.000 0.000 0.037 0.029 0.404 0.652 0.424
0.382 0.966 0.994 0.000 0.964 0.999 1.000 0.003 0.001 0.000 0.000 0.000 0.000 0.000 0.000 0.000 0.000 0.002 0.000 0.247 0.012 0.010 0.000 0.000 0.000 0.000 0.045 0.000 0.000 0.116 0.867 0.815 0.962 0.210
0.001 0.094 0.896 0.964 0.000 0.998 0.999 0.390 0.000 0.000 0.000 0.000 0.000 0.000 0.000 0.000 0.000 0.000 0.000 0.000 0.960 0.004 0.000 0.000 0.000 0.000 0.000 0.000 0.000 0.001 0.005 0.007 0.390 0.025
0.003 0.029 0.408 0.999 0.998 0.000 1.000 0.968 0.000 0.000 0.000 0.000 0.000 0.000 0.000 0.000 0.000 0.000 0.973 1.000 1.000 0.997 0.829 0.000 0.001 0.000 0.000 0.000 0.000 0.000 0.012 0.000 0.122 0.000
0.000 0.053 0.119 1.000 0.999 1.000 0.000 1.000 0.998 0.000 0.000 0.000 0.000 0.000 0.000 0.000 0.006 1.000 1.000 1.000 0.990 0.013 0.519 0.000 0.966 0.932 1.000 0.006 0.144 0.122 0.992 0.357 0.755 0.008
0.000 0.000 0.000 0.003 0.390 0.968 1.000 0.000 1.000 1.000 0.000 0.000 0.000 0.000 0.000 0.000 0.968 0.961 0.996 0.949 1.000 0.000 0.000 0.000 0.000 0.000 0.000 0.000 0.000 0.042 0.244 0.000 0.126 0.006
0.000 0.000 0.000 0.001 0.000 0.000 0.998 1.000 0.000 1.000 1.000 0.000 0.000 0.000 0.000 0.998 0.981 0.978 0.982 0.000 0.000 0.000 0.000 0.000 0.000 0.000 0.000 0.000 0.000 0.455 0.089 0.000 0.104 0.085
0.000 0.000 0.000 0.000 0.000 0.000 0.000 1.000 1.000 0.000 0.998 0.992 0.000 0.000 0.953 0.992 0.998 0.963 0.995 0.000 0.012 0.000 0.000 0.000 0.000 0.552 0.008 0.000 0.000 0.000 0.000 0.000 0.000 0.000
0.000 0.000 0.000 0.000 0.000 0.000 0.000 0.000 1.000 0.998 0.000 0.996 0.840 0.024 0.968 0.994 0.988 0.000 0.000 0.000 0.000 0.000 0.000 0.000 0.000 0.000 0.000 0.000 0.000 0.000 0.000 0.000 0.000 0.000
0.000 0.000 0.000 0.000 0.000 0.000 0.000 0.000 0.000 0.992 0.996 0.000 0.970 0.935 0.996 0.990 0.997 0.000 0.000 0.000 0.000 0.000 0.000 0.000 0.000 0.000 0.000 0.879 0.000 0.000 0.000 0.000 0.000 0.000
0.007 0.001 0.000 0.000 0.000 0.000 0.000 0.000 0.000 0.000 0.840 0.970 0.000 0.997 0.967 0.001 0.011 0.000 0.000 0.000 0.000 0.000 0.000 0.000 0.000 0.000 0.000 0.026 0.000 0.000 0.000 0.000 0.000 0.000
0.010 0.001 0.002 0.000 0.000 0.000 0.000 0.000 0.000 0.000 0.024 0.935 0.997 0.000 0.949 0.801 0.266 0.000 0.000 0.000 0.000 0.000 0.000 0.000 0.000 0.000 0.000 0.880 0.000 0.000 0.000 0.000 0.000 0.001
0.000 0.000 0.000 0.000 0.000 0.000 0.000 0.000 0.000 0.953 0.968 0.996 0.967 0.949 0.000 0.994 0.985 0.000 0.000 0.000 0.000 0.000 0.000 0.000 0.000 0.000 0.000 0.889 0.000 0.000 0.000 0.000 0.000 0.000
0.000 0.000 0.000 0.000 0.000 0.000 0.000 0.000 0.998 0.992 0.994 0.990 0.001 0.801 0.994 0.000 0.998 1.000 0.000 0.000 0.000 0.000 0.000 0.000 0.000 0.000 0.048 0.986 0.007 0.121 0.000 0.000 0.000 0.000
0.000 0.000 0.000 0.000 0.000 0.000 0.006 0.968 0.981 0.998 0.988 0.997 0.011 0.266 0.985 0.998 0.000 1.000 1.000 0.000 0.000 0.000 0.000 0.000 0.003 0.992 0.974 0.999 0.274 0.000 0.000 0.000 0.000 0.000
0.000 0.000 0.000 0.002 0.000 0.000 1.000 0.961 0.978 0.963 0.000 0.000 0.000 0.000 0.000 1.000 1.000 0.000 0.991 0.968 0.000 0.000 0.000 0.000 0.959 0.992 0.994 0.996 0.972 0.993 0.860 0.000 0.240 0.028
0.000 0.000 0.000 0.000 0.000 0.973 1.000 0.996 0.982 0.995 0.000 0.000 0.000 0.000 0.000 0.000 1.000 0.991 0.000 0.995 1.000 0.016 0.000 0.978 0.970 0.995 0.939 0.000 0.000 0.005 0.093 0.000 0.000 0.000
0.000 0.006 0.009 0.247 0.000 1.000 1.000 0.949 0.000 0.000 0.000 0.000 0.000 0.000 0.000 0.000 0.000 0.968 0.995 0.000 0.985 0.996 0.988 0.994 0.997 0.987 0.315 0.000 0.000 0.003 0.074 0.000 0.000 0.000
0.000 0.000 0.000 0.012 0.960 1.000 0.990 1.000 0.000 0.012 0.000 0.000 0.000 0.000 0.000 0.000 0.000 0.000 1.000 0.985 0.000 0.976 0.896 0.989 0.189 0.000 0.000 0.000 0.000 0.000 0.000 0.000 0.002 0.000
0.000 0.004 0.006 0.010 0.004 0.997 0.013 0.000 0.000 0.000 0.000 0.000 0.000 0.000 0.000 0.000 0.000 0.000 0.016 0.996 0.976 0.000 0.996 0.997 0.099 0.000 0.000 0.000 0.000 0.000 0.000 0.000 0.000 0.000
0.000 0.001 0.000 0.000 0.000 0.829 0.519 0.000 0.000 0.000 0.000 0.000 0.000 0.000 0.000 0.000 0.000 0.000 0.000 0.988 0.896 0.996 0.000 0.979 0.999 0.000 0.036 0.000 0.000 0.000 0.000 0.000 0.000 0.000
0.003 0.000 0.000 0.000 0.000 0.000 0.000 0.000 0.000 0.000 0.000 0.000 0.000 0.000 0.000 0.000 0.000 0.000 0.978 0.994 0.989 0.997 0.979 0.000 0.989 0.955 0.000 0.000 0.000 0.000 0.000 0.000 0.000 0.009
0.003 0.002 0.000 0.000 0.000 0.001 0.966 0.000 0.000 0.000 0.000 0.000 0.000 0.000 0.000 0.000 0.003 0.959 0.970 0.997 0.189 0.099 0.999 0.989 0.000 1.000 0.997 0.000 0.000 0.000 0.000 0.000 0.000 0.000
0.000 0.000 0.000 0.000 0.000 0.000 0.932 0.000 0.000 0.552 0.000 0.000 0.000 0.000 0.000 0.000 0.992 0.992 0.995 0.987 0.000 0.000 0.000 0.955 1.000 0.000 1.000 0.989 0.000 0.000 0.000 0.000 0.000 0.000
0.000 0.000 0.000 0.045 0.000 0.000 1.000 0.000 0.000 0.008 0.000 0.000 0.000 0.000 0.000 0.048 0.974 0.994 0.939 0.315 0.000 0.000 0.036 0.000 0.997 1.000 0.000 1.000 1.000 0.795 0.857 0.237 0.000 0.000
0.003 0.007 0.000 0.000 0.000 0.000 0.006 0.000 0.000 0.000 0.000 0.879 0.026 0.880 0.889 0.986 0.999 0.996 0.000 0.000 0.000 0.000 0.000 0.000 0.000 0.989 1.000 0.000 1.000 0.990 0.010 0.000 0.000 0.000
0.000 0.000 0.000 0.000 0.000 0.000 0.144 0.000 0.000 0.000 0.000 0.000 0.000 0.000 0.000 0.007 0.274 0.972 0.000 0.000 0.000 0.000 0.000 0.000 0.000 0.000 1.000 1.000 0.000 1.000 0.999 0.018 0.000 0.000
0.004 0.000 0.037 0.116 0.001 0.000 0.122 0.042 0.455 0.000 0.000 0.000 0.000 0.000 0.000 0.121 0.000 0.993 0.005 0.003 0.000 0.000 0.000 0.000 0.000 0.000 0.795 0.990 1.000 0.000 1.000 0.979 0.796 0.782
0.042 0.013 0.029 0.867 0.005 0.012 0.992 0.244 0.089 0.000 0.000 0.000 0.000 0.000 0.000 0.000 0.000 0.860 0.093 0.074 0.000 0.000 0.000 0.000 0.000 0.000 0.857 0.010 0.999 1.000 0.000 0.989 0.997 0.734
0.733 0.592 0.404 0.815 0.007 0.000 0.357 0.000 0.000 0.000 0.000 0.000 0.000 0.000 0.000 0.000 0.000 0.000 0.000 0.000 0.000 0.000 0.000 0.000 0.000 0.000 0.237 0.000 0.018 0.979 0.989 0.000 0.975 0.947
0.690 0.577 0.652 0.962 0.390 0.122 0.755 0.126 0.104 0.000 0.000 0.000 0.000 0.000 0.000 0.000 0.000 0.240 0.000 0.000 0.002 0.000 0.000 0.000 0.000 0.000 0.000 0.000 0.000 0.796 0.997 0.975 0.000 0.982
0.750 0.206 0.424 0.210 0.025 0.000 0.008 0.006 0.085 0.000 0.000 0.000 0.000 0.001 0.000 0.000 0.000 0.028 0.000 0.000 0.000 0.000 0.000 0.009 0.000 0.000 0.000 0.000 0.000 0.782 0.734 0.947 0.982 0.000
