0.000 0.992 0.948 0.177 0.039 0.000 0.000 0.000 0.000 0.000 0.000 0.046 0.014 0.002 0.000 0.000 0.000 0.000 0.000 0.000 0.000 0.060 0.000 0.000 0.000 0.000 0.000 0.000 0.000 0.000 0.000 0.091 0.071 0.009
0.992 0.000 0.990 0.963 0.004 0.004 0.000 0.000 0.000 0.000 0.000 0.002 0.006 0.000 0.000 0.000 0.000 0.000 0.000 0.000 0.000 0.014 0.001 0.000 0.000 0.000 0.000 0.000 0.000 0.000 0.000 0.107 0.237 0.069
0.948 0.990 0.000 0.997 0.995 0.379 0.088 0.020 0.000 0.000 0.000 0.000 0.000 0.000 0.000 0.000 0.000 0.000 0.000 0.029 0.014 0.182 0.015 0.000 0.000 0.000 0.000 0.000 0.000 0.195 0.000 0.135 0.704 0.634
0.177 0.963 0.997 0.000 1.000 1.000 0.146 0.000 0.000 0.000 0.000 0.000 0.000 0.000 0.000 0.000 0.000 0.000 0.000 0.377 0.074 0.421 0.064 0.000 0.005 0.000 0.000 0.000 0.000 0.000 0.486 0.545 0.795 0.869
0.039 0.004 0.995 1.000 0.000 0.999 1.000 0.000 0.000 0.000 0.000 0.000 0.000 0.000 0.000 0.000 0.000 0.000 0.858 0.985 0.987 0.970 0.092 0.000 0.000 0.000 0.000 0.000 0.000 0.000 0.000 0.013 0.158 0.388
0.000 0.004 0.379 1.000 0.999 0.000 1.000 0.997 0.001 0.000 0.000 0.000 0.000 0.000 0.000 0.000 0.020 1.000 1.000 0.999 0.970 0.548 0.668 0.000 0.995 1.000 1.000 0.000 0.001 0.002 1.000 0.438 0.270 1.000
0.000 0.000 0.088 0.146 1.000 1.000 0.000 1.000 1.000 0.000 0.000 0.000 0.000 0.000 0.000 0.000 0.997 0.999 1.000 0.997 0.990 0.238 0.000 0.000 0.000 0.000 0.000 0.000 0.000 0.000 0.348 0.000 0.001 0.765
0.000 0.000 0.020 0.000 0.000 0.997 1.000 0.000 1.000 0.927 0.000 0.000 0.000 0.000 0.000 0.996 1.000 1.000 0.999 0.000 0.000 0.000 0.000 0.000 0.000 0.000 0.000 0.000 0.000 0.810 0.024 0.000 0.000 0.808
0.000 0.000 0.000 0.000 0.000 0.001 1.000 1.000 0.000 0.960 0.811 0.003 0.000 0.000 0.839 1.000 1.000 0.999 0.957 0.002 0.531 0.000 0.000 0.000 0.000 0.115 0.000 0.002 0.000 0.000 0.000 0.000 0.000 0.000
0.000 0.000 0.000 0.000 0.000 0.000 0.000 0.927 0.960 0.000 0.995 0.900 0.026 0.961 0.999 0.998 0.978 0.000 0.000 0.000 0.000 0.000 0.000 0.000 0.000 0.000 0.000 0.174 0.000 0.005 0.000 0.000 0.000 0.000
0.000 0.000 0.000 0.000 0.000 0.000 0.000 0.000 0.811 0.995 0.000 0.991 0.980 0.983 1.000 0.925 0.916 0.000 0.000 0.000 0.000 0.000 0.000 0.000 0.000 0.000 0.000 0.917 0.000 0.000 0.000 0.000 0.000 0.000
0.046 0.002 0.000 0.000 0.000 0.000 0.000 0.000 0.003 0.900 0.991 0.000 0.997 0.978 0.667 0.000 0.215 0.000 0.000 0.000 0.000 0.000 0.000 0.000 0.000 0.000 0.000 0.050 0.000 0.000 0.000 0.000 0.000 0.000
0.014 0.006 0.000 0.000 0.000 0.000 0.000 0.000 0.000 0.026 0.980 0.997 0.000 0.997 0.991 0.000 0.000 0.000 0.000 0.000 0.000 0.000 0.000 0.000 0.000 0.000 0.000 0.245 0.000 0.000 0.000 0.000 0.000 0.000
0.002 0.000 0.000 0.000 0.000 0.000 0.000 0.000 0.000 0.961 0.983 0.978 0.997 0.000 0.990 0.862 0.000 0.000 0.000 0.000 0.000 0.000 0.000 0.000 0.000 0.000 0.000 0.000 0.000 0.000 0.000 0.000 0.000 0.000
0.000 0.000 0.000 0.000 0.000 0.000 0.000 0.000 0.839 0.999 1.000 0.667 0.991 0.990 0.000 0.985 0.939 0.001 0.000 0.000 0.000 0.000 0.000 0.000 0.000 0.000 0.000 0.953 0.137 0.000 0.000 0.000 0.000 0.000
0.000 0.000 0.000 0.000 0.000 0.000 0.000 0.996 1.000 0.998 0.925 0.000 0.000 0.862 0.985 0.000 1.000 0.990 0.000 0.000 0.000 0.000 0.000 0.000 0.000 0.000 0.098 0.999 0.034 0.508 0.000 0.000 0.000 0.000
0.000 0.000 0.000 0.000 0.000 0.020 0.997 1.000 1.000 0.978 0.916 0.215 0.000 0.000 0.939 1.000 0.000 1.000 1.000 0.000 0.000 0.000 0.000 0.000 0.021 0.970 1.000 1.000 0.361 0.004 0.000 0.000 0.000 0.000
0.000 0.000 0.000 0.000 0.000 1.000 0.999 1.000 0.999 0.000 0.000 0.000 0.000 0.000 0.001 0.990 1.000 0.000 1.000 0.997 0.000 0.000 0.000 0.000 0.993 1.000 1.000 1.000 1.000 1.000 1.000 0.000 0.000 0.978
0.000 0.000 0.000 0.000 0.858 1.000 1.000 0.999 0.957 0.000 0.000 0.000 0.000 0.000 0.000 0.000 1.000 1.000 0.000 1.000 0.998 0.010 0.006 0.991 1.000 1.000 1.000 0.001 0.000 0.000 0.232 0.000 0.000 0.124
0.000 0.000 0.029 0.377 0.985 0.999 0.997 0.000 0.002 0.000 0.000 0.000 0.000 0.000 0.000 0.000 0.000 0.997 1.000 0.000 0.996 0.980 0.997 0.970 1.000 0.998 0.043 0.000 0.000 0.000 0.016 0.000 0.012 0.000
0.000 0.000 0.014 0.074 0.987 0.970 0.990 0.000 0.531 0.000 0.000 0.000 0.000 0.000 0.000 0.000 0.000 0.000 0.998 0.996 0.000 1.000 0.995 0.986 0.192 0.000 0.000 0.000 0.000 0.000 0.000 0.000 0.000 0.000
0.060 0.014 0.182 0.421 0.970 0.548 0.238 0.000 0.000 0.000 0.000 0.000 0.000 0.000 0.000 0.000 0.000 0.000 0.010 0.980 1.000 0.000 0.996 0.985 0.085 0.000 0.000 0.000 0.000 0.000 0.000 0.000 0.000 0.000
0.000 0.001 0.015 0.064 0.092 0.668 0.000 0.000 0.000 0.000 0.000 0.000 0.000 0.000 0.000 0.000 0.000 0.000 0.006 0.997 0.995 0.996 0.000 1.000 0.998 0.001 0.000 0.000 0.000 0.000 0.000 0.000 0.000 0.000
0.000 0.000 0.000 0.000 0.000 0.000 0.000 0.000 0.000 0.000 0.000 0.000 0.000 0.000 0.000 0.000 0.000 0.000 0.991 0.970 0.986 0.985 1.000 0.000 0.981 0.942 0.000 0.000 0.000 0.000 0.000 0.000 0.000 0.000
0.000 0.000 0.000 0.005 0.000 0.995 0.000 0.000 0.000 0.000 0.000 0.000 0.000 0.000 0.000 0.000 0.021 0.993 1.000 1.000 0.192 0.085 0.998 0.981 0.000 0.998 0.995 0.000 0.000 0.000 0.000 0.000 0.000 0.000
0.000 0.000 0.000 0.000 0.000 1.000 0.000 0.000 0.115 0.000 0.000 0.000 0.000 0.000 0.000 0.000 0.970 1.000 1.000 0.998 0.000 0.000 0.001 0.942 0.998 0.000 1.000 0.997 0.000 0.000 0.001 0.000 0.000 0.000
0.000 0.000 0.000 0.000 0.000 1.000 0.000 0.000 0.000 0.000 0.000 0.000 0.000 0.000 0.000 0.098 1.000 1.000 1.000 0.043 0.000 0.000 0.000 0.000 0.995 1.000 0.000 0.997 1.000 0.875 1.000 0.560 0.001 0.000
0.000 0.000 0.000 0.000 0.000 0.000 0.000 0.000 0.002 0.174 0.917 0.050 0.245 0.000 0.953 0.999 1.000 1.000 0.001 0.000 0.000 0.000 0.000 0.000 0.000 0.997 0.997 0.000 1.000 0.995 0.028 0.000 0.000 0.000
0.000 0.000 0.000 0.000 0.000 0.001 0.000 0.000 0.000 0.000 0.000 0.000 0.000 0.000 0.137 0.034 0.361 1.000 0.000 0.000 0.000 0.000 0.000 0.000 0.000 0.000 1.000 1.000 0.000 1.000 1.000 0.130 0.000 0.000
0.000 0.000 0.195 0.000 0.000 0.002 0.000 0.810 0.000 0.005 0.000 0.000 0.000 0.000 0.000 0.508 0.004 1.000 0.000 0.000 0.000 0.000 0.000 0.000 0.000 0.000 0.875 0.995 1.000 0.000 1.000 1.000 0.091 0.997
0.000 0.000 0.000 0.486 0.000 1.000 0.348 0.024 0.000 0.000 0.000 0.000 0.000 0.000 0.000 0.000 0.000 1.000 0.232 0.016 0.000 0.000 0.000 0.000 0.000 0.001 1.000 0.028 1.000 1.000 0.000 1.000 0.998 0.999
0.091 0.107 0.135 0.545 0.013 0.438 0.000 0.000 0.000 0.000 0.000 0.000 0.000 0.000 0.000 0.000 0.000 0.000 0.000 0.000 0.000 0.000 0.000 0.000 0.000 0.000 0.560 0.000 0.130 1.000 1.000 0.000 1.000 0.999
0.071 0.237 0.704 0.795 0.158 0.270 0.001 0.000 0.000 0.000 0.000 0.000 0.000 0.000 0.000 0.000 0.000 0.000 0.000 0.012 0.000 0.000 0.000 0.000 0.000 0.000 0.001 0.000 0.000 0.091 0.998 1.000 0.000 1.000
0.009 0.069 0.634 0.869 0.388 1.000 0.765 0.808 0.000 0.000 0.000 0.000 0.000 0.000 0.000 0.000 0.000 0.978 0.124 0.000 0.000 0.000 0.000 0.000 0.000 0.000 0.000 0.000 0.000 0.997 0.999 0.999 1.000 0.000
