0.000 0.997 0.995 0.007 0.010 0.020 0.022 0.089 0.000 0.000 0.000 0.000 0.000 0.000 0.000 0.032 0.000 0.057 0.000 0.000 0.000 0.000 0.000 0.000 0.000 0.000 0.000 0.000 0.001 0.216 0.087 0.562 0.169 0.000
0.997 0.000 1.000 0.890 0.081 0.913 0.902 0.968 0.000 0.002 0.000 0.000 0.000 0.000 0.000 0.155 0.001 0.907 0.159 0.000 0.028 0.000 0.000 0.000 0.000 0.000 0.006 0.000 0.005 0.532 0.797 0.598 0.068 0.000
0.995 1.000 0.000 0.967 0.935 0.994 0.080 0.134 0.000 0.000 0.000 0.000 0.000 0.000 0.000 0.008 0.000 0.296 0.000 0.000 0.038 0.022 0.000 0.000 0.000 0.000 0.000 0.000 0.000 0.412 0.994 0.960 0.068 0.000
0.007 0.890 0.967 0.000 0.999 0.964 0.000 0.000 0.000 0.000 0.000 0.000 0.000 0.000 0.000 0.000 0.000 0.000 0.000 0.271 0.247 0.391 0.000 0.000 0.000 0.000 0.000 0.000 0.000 0.000 0.089 0.480 0.000 0.000
0.010 0.081 0.935 0.999 0.000 0.982 0.924 0.000 0.000 0.000 0.000 0.000 0.000 0.000 0.000 0.000 0.000 0.000 0.912 0.972 0.993 0.905 0.003 0.000 0.000 0.000 0.000 0.000 0.000 0.000 0.000 0.003 0.000 0.000
0.020 0.913 0.994 0.964 0.982 0.000 1.000 0.951 0.000 0.000 0.000 0.000 0.000 0.000 0.000 0.000 0.003 0.993 0.999 0.996 0.958 0.146 0.104 0.000 0.930 0.846 0.981 0.000 0.131 0.033 0.988 0.275 0.000 0.000
0.022 0.902 0.080 0.000 0.924 1.000 0.000 0.999 0.994 0.000 0.000 0.000 0.000 0.000 0.000 0.000 0.985 0.999 0.999 0.975 0.842 0.000 0.000 0.155 0.000 0.000 0.000 0.000 0.000 0.000 0.059 0.000 0.000 0.000
0.089 0.968 0.134 0.000 0.000 0.951 0.999 0.000 0.999 0.964 0.000 0.000 0.000 0.000 0.000 1.000 0.998 1.000 0.986 0.000 0.014 0.000 0.000 0.000 0.000 0.000 0.000 0.000 0.000 0.031 0.038 0.033 0.000 0.000
0.000 0.000 0.000 0.000 0.000 0.000 0.994 0.999 0.000 0.987 0.914 0.003 0.000 0.000 0.954 0.998 1.000 0.947 0.993 0.003 0.240 0.000 0.000 0.293 0.000 0.288 0.000 0.000 0.000 0.000 0.000 0.000 0.000 0.000
0.000 0.002 0.000 0.000 0.000 0.000 0.000 0.964 0.987 0.000 0.999 0.880 0.022 0.974 0.997 0.969 0.976 0.000 0.000 0.000 0.000 0.000 0.000 0.000 0.000 0.000 0.000 0.004 0.000 0.000 0.000 0.000 0.000 0.000
0.000 0.000 0.000 0.000 0.000 0.000 0.000 0.000 0.914 0.999 0.000 0.994 0.995 0.994 1.000 0.942 0.986 0.000 0.000 0.000 0.000 0.000 0.000 0.000 0.000 0.010 0.000 0.840 0.000 0.000 0.000 0.000 0.000 0.000
0.000 0.000 0.000 0.000 0.000 0.000 0.000 0.000 0.003 0.880 0.994 0.000 0.998 0.974 0.551 0.000 0.080 0.000 0.000 0.000 0.000 0.000 0.000 0.000 0.000 0.000 0.000 0.000 0.000 0.000 0.000 0.005 0.000 0.000
0.000 0.000 0.000 0.000 0.000 0.000 0.000 0.000 0.000 0.022 0.995 0.998 0.000 0.993 0.941 0.000 0.000 0.000 0.000 0.000 0.000 0.000 0.000 0.000 0.000 0.000 0.000 0.013 0.000 0.000 0.000 0.000 0.000 0.000
0.000 0.000 0.000 0.000 0.000 0.000 0.000 0.000 0.000 0.974 0.994 0.974 0.993 0.000 0.979 0.855 0.000 0.000 0.000 0.000 0.000 0.000 0.000 0.000 0.000 0.000 0.000 0.000 0.000 0.000 0.000 0.000 0.000 0.000
0.000 0.000 0.000 0.000 0.000 0.000 0.000 0.000 0.954 0.997 1.000 0.551 0.941 0.979 0.000 0.997 0.973 0.000 0.000 0.000 0.000 0.000 0.000 0.000 0.000 0.000 0.000 0.910 0.000 0.000 0.000 0.000 0.000 0.000
0.032 0.155 0.008 0.000 0.000 0.000 0.000 1.000 0.998 0.969 0.942 0.000 0.000 0.855 0.997 0.000 0.997 0.994 0.000 0.000 0.000 0.000 0.000 0.000 0.000 0.000 0.115 0.977 0.281 0.660 0.015 0.015 0.150 0.119
0.000 0.001 0.000 0.000 0.000 0.003 0.985 0.998 1.000 0.976 0.986 0.080 0.000 0.000 0.973 0.997 0.000 0.996 0.996 0.000 0.000 0.000 0.000 0.019 0.014 0.987 0.993 0.996 0.402 0.000 0.000 0.000 0.000 0.000
0.057 0.907 0.296 0.000 0.000 0.993 0.999 1.000 0.947 0.000 0.000 0.000 0.000 0.000 0.000 0.994 0.996 0.000 0.993 0.929 0.000 0.000 0.000 0.000 0.930 0.967 0.989 0.982 0.991 0.999 0.999 0.042 0.060 0.062
0.000 0.159 0.000 0.000 0.912 0.999 0.999 0.986 0.993 0.000 0.000 0.000 0.000 0.000 0.000 0.000 0.996 0.993 0.000 0.997 0.942 0.001 0.011 0.928 0.991 0.982 0.976 0.000 0.000 0.000 0.027 0.000 0.000 0.000
0.000 0.000 0.000 0.271 0.972 0.996 0.975 0.000 0.003 0.000 0.000 0.000 0.000 0.000 0.000 0.000 0.000 0.929 0.997 0.000 0.996 0.977 0.972 0.960 0.993 0.867 0.245 0.000 0.000 0.000 0.002 0.002 0.000 0.000
0.000 0.028 0.038 0.247 0.993 0.958 0.842 0.014 0.240 0.000 0.000 0.000 0.000 0.000 0.000 0.000 0.000 0.000 0.942 0.996 0.000 0.997 0.972 0.988 0.108 0.000 0.000 0.000 0.000 0.000 0.000 0.000 0.000 0.000
0.000 0.000 0.022 0.391 0.905 0.146 0.000 0.000 0.000 0.000 0.000 0.000 0.000 0.000 0.000 0.000 0.000 0.000 0.001 0.977 0.997 0.000 0.997 0.979 0.121 0.000 0.000 0.000 0.000 0.000 0.000 0.000 0.000 0.000
0.000 0.000 0.000 0.000 0.003 0.104 0.000 0.000 0.000 0.000 0.000 0.000 0.000 0.000 0.000 0.000 0.000 0.000 0.011 0.972 0.972 0.997 0.000 0.998 0.973 0.001 0.000 0.000 0.000 0.000 0.000 0.000 0.000 0.000
0.000 0.000 0.000 0.000 0.000 0.000 0.155 0.000 0.293 0.000 0.000 0.000 0.000 0.000 0.000 0.000 0.019 0.000 0.928 0.960 0.988 0.979 0.998 0.000 0.987 0.901 0.000 0.000 0.000 0.000 0.000 0.000 0.000 0.000
0.000 0.000 0.000 0.000 0.000 0.930 0.000 0.000 0.000 0.000 0.000 0.000 0.000 0.000 0.000 0.000 0.014 0.930 0.991 0.993 0.108 0.121 0.973 0.987 0.000 0.997 0.948 0.000 0.000 0.000 0.002 0.000 0.000 0.000
0.000 0.000 0.000 0.000 0.000 0.846 0.000 0.000 0.288 0.000 0.010 0.000 0.000 0.000 0.000 0.000 0.987 0.967 0.982 0.867 0.000 0.000 0.001 0.901 0.997 0.000 0.989 0.982 0.001 0.000 0.000 0.000 0.000 0.000
0.000 0.006 0.000 0.000 0.000 0.981 0.000 0.000 0.000 0.000 0.000 0.000 0.000 0.000 0.000 0.115 0.993 0.989 0.976 0.245 0.000 0.000 0.000 0.000 0.948 0.989 0.000 1.000 1.000 0.765 0.872 0.001 0.001 0.034
0.000 0.000 0.000 0.000 0.000 0.000 0.000 0.000 0.000 0.004 0.840 0.000 0.013 0.000 0.910 0.977 0.996 0.982 0.000 0.000 0.000 0.000 0.000 0.000 0.000 0.982 1.000 0.000 1.000 0.971 0.008 0.000 0.000 0.093
0.001 0.005 0.000 0.000 0.000 0.131 0.000 0.000 0.000 0.000 0.000 0.000 0.000 0.000 0.000 0.281 0.402 0.991 0.000 0.000 0.000 0.000 0.000 0.000 0.000 0.001 1.000 1.000 0.000 0.995 0.992 0.019 0.349 0.878
0.216 0.532 0.412 0.000 0.000 0.033 0.000 0.031 0.000 0.000 0.000 0.000 0.000 0.000 0.000 0.660 0.000 0.999 0.000 0.000 0.000 0.000 0.000 0.000 0.000 0.000 0.765 0.971 0.995 0.000 1.000 0.993 0.981 0.829
0.087 0.797 0.994 0.089 0.000 0.988 0.059 0.038 0.000 0.000 0.000 0.000 0.000 0.000 0.000 0.015 0.000 0.999 0.027 0.002 0.000 0.000 0.000 0.000 0.002 0.000 0.872 0.008 0.992 1.000 0.000 0.991 0.974 0.643
0.562 0.598 0.960 0.480 0.003 0.275 0.000 0.033 0.000 0.000 0.000 0.005 0.000 0.000 0.000 0.015 0.000 0.042 0.000 0.002 0.000 0.000 0.000 0.000 0.000 0.000 0.001 0.000 0.019 0.993 0.991 0.000 1.000 0.993
0.169 0.068 0.068 0.000 0.000 0.000 0.000 0.000 0.000 0.000 0.000 0.000 0.000 0.000 0.000 0.150 0.000 0.060 0.000 0.000 0.000 0.000 0.000 0.000 0.000 0.000 0.001 0.000 0.349 0.981 0.974 1.000 0.000 0.997
0.000 0.000 0.000 0.000 0.000 0.000 0.000 0.000 0.000 0.000 0.000 0.000 0.000 0.000 0.000 0.119 0.000 0.062 0.000 0.000 0.000 0.000 0.000 0.000 0.000 0.000 0.034 0.093 0.878 0.829 0.643 0.993 0.997 0.000
