0.000 0.992 0.972 0.227 0.087 0.004 0.000 0.000 0.000 0.001 0.000 0.001 0.005 0.002 0.000 0.000 0.000 0.000 0.000 0.001 0.018 0.007 0.001 0.000 0.000 0.000 0.000 0.002 0.000 0.005 0.002 0.073 0.235 0.119
0.992 0.000 0.999 0.999 0.049 0.010 0.000 0.000 0.000 0.000 0.003 0.009 0.012 0.005 0.002 0.000 0.000 0.000 0.000 0.003 0.019 0.000 0.000 0.000 0.000 0.000 0.000 0.004 0.000 0.000 0.002 0.008 0.227 0.092
0.972 0.999 0.000 1.000 0.997 0.034 0.010 0.000 0.000 0.000 0.000 0.000 0.003 0.000 0.000 0.000 0.000 0.000 0.000 0.013 0.741 0.005 0.001 0.000 0.000 0.000 0.000 0.000 0.000 0.000 0.000 0.001 0.342 0.117
0.227 0.999 1.000 0.000 1.000 0.996 0.317 0.000 0.000 0.000 0.000 0.000 0.000 0.000 0.000 0.000 0.000 0.000 0.000 0.044 0.956 0.042 0.000 0.000 0.000 0.000 0.000 0.000 0.000 0.000 0.272 0.015 0.985 0.983
0.087 0.049 0.997 1.000 0.000 0.996 0.982 0.000 0.000 0.000 0.000 0.000 0.018 0.000 0.000 0.000 0.000 0.000 0.939 0.990 1.000 0.993 0.701 0.000 0.000 0.000 0.000 0.000 0.000 0.000 0.010 0.000 0.755 0.177
0.004 0.010 0.034 0.996 0.996 0.000 1.000 0.947 0.000 0.000 0.000 0.000 0.000 0.000 0.000 0.000 0.004 0.992 1.000 1.000 0.996 0.025 0.660 0.000 1.000 0.999 0.984 0.000 0.084 0.000 0.992 0.196 0.999 0.999
0.000 0.000 0.010 0.317 0.982 1.000 0.000 1.000 0.950 0.000 0.000 0.000 0.000 0.000 0.000 0.000 0.946 0.973 1.000 0.999 0.985 0.000 0.000 0.000 0.000 0.000 0.000 0.000 0.000 0.000 0.622 0.000 0.000 0.993
0.000 0.000 0.000 0.000 0.000 0.947 1.000 0.000 0.999 0.961 0.000 0.000 0.000 0.000 0.001 0.989 1.000 0.998 0.994 0.000 0.135 0.000 0.000 0.000 0.000 0.000 0.000 0.000 0.000 0.178 0.152 0.000 0.000 0.986
0.000 0.000 0.000 0.000 0.000 0.000 0.950 0.999 0.000 0.995 0.960 0.121 0.000 0.000 0.978 0.995 1.000 0.982 0.960 0.001 0.067 0.000 0.000 0.000 0.000 0.038 0.000 0.003 0.000 0.000 0.000 0.000 0.000 0.000
0.001 0.000 0.000 0.000 0.000 0.000 0.000 0.961 0.995 0.000 1.000 0.912 0.227 0.997 1.000 0.992 1.000 0.000 0.000 0.000 0.000 0.000 0.000 0.000 0.000 0.000 0.000 0.065 0.000 0.000 0.000 0.000 0.000 0.000
0.000 0.003 0.000 0.000 0.000 0.000 0.000 0.000 0.960 1.000 0.000 0.974 0.993 1.000 1.000 0.960 0.934 0.000 0.000 0.000 0.000 0.000 0.000 0.000 0.000 0.000 0.000 0.939 0.000 0.000 0.000 0.000 0.000 0.000
0.001 0.009 0.000 0.000 0.000 0.000 0.000 0.000 0.121 0.912 0.974 0.000 0.998 0.962 0.669 0.000 0.072 0.000 0.000 0.000 0.000 0.001 0.000 0.000 0.000 0.000 0.000 0.054 0.000 0.000 0.000 0.019 0.003 0.000
0.005 0.012 0.003 0.000 0.018 0.000 0.000 0.000 0.000 0.227 0.993 0.998 0.000 0.998 0.951 0.000 0.000 0.000 0.000 0.002 0.004 0.022 0.002 0.001 0.000 0.000 0.000 0.139 0.000 0.000 0.000 0.026 0.003 0.000
0.002 0.005 0.000 0.000 0.000 0.000 0.000 0.000 0.000 0.997 1.000 0.962 0.998 0.000 0.996 0.936 0.000 0.000 0.000 0.000 0.000 0.000 0.000 0.000 0.000 0.000 0.000 0.000 0.000 0.000 0.000 0.000 0.000 0.000
0.000 0.002 0.000 0.000 0.000 0.000 0.000 0.001 0.978 1.000 1.000 0.669 0.951 0.996 0.000 0.999 0.998 0.005 0.000 0.000 0.000 0.000 0.000 0.000 0.000 0.000 0.000 0.987 0.000 0.000 0.000 0.000 0.000 0.000
0.000 0.000 0.000 0.000 0.000 0.000 0.000 0.989 0.995 0.992 0.960 0.000 0.000 0.936 0.999 0.000 1.000 0.986 0.000 0.000 0.000 0.000 0.000 0.000 0.000 0.000 0.141 0.999 0.005 0.107 0.000 0.000 0.000 0.002
0.000 0.000 0.000 0.000 0.000 0.004 0.946 1.000 1.000 1.000 0.934 0.072 0.000 0.000 0.998 1.000 0.000 0.997 0.984 0.000 0.000 0.000 0.000 0.000 0.002 0.996 0.991 1.000 0.097 0.000 0.000 0.000 0.000 0.000
0.000 0.000 0.000 0.000 0.000 0.992 0.973 0.998 0.982 0.000 0.000 0.000 0.000 0.000 0.005 0.986 0.997 0.000 0.992 0.960 0.000 0.000 0.000 0.000 0.984 1.000 1.000 1.000 1.000 1.000 0.999 0.000 0.000 0.973
0.000 0.000 0.000 0.000 0.939 1.000 1.000 0.994 0.960 0.000 0.000 0.000 0.000 0.000 0.000 0.000 0.984 0.992 0.000 1.000 0.980 0.008 0.000 0.857 1.000 1.000 0.982 0.000 0.000 0.000 0.250 0.000 0.000 0.226
0.001 0.003 0.013 0.044 0.990 1.000 0.999 0.000 0.001 0.000 0.000 0.000 0.002 0.000 0.000 0.000 0.000 0.960 1.000 0.000 0.995 0.965 0.997 0.996 0.999 0.971 0.050 0.000 0.000 0.000 0.025 0.000 0.166 0.000
0.018 0.019 0.741 0.956 1.000 0.996 0.985 0.135 0.067 0.000 0.000 0.000 0.004 0.000 0.000 0.000 0.000 0.000 0.980 0.995 0.000 0.999 0.992 0.992 0.039 0.000 0.000 0.000 0.000 0.000 0.000 0.000 0.004 0.311
0.007 0.000 0.005 0.042 0.993 0.025 0.000 0.000 0.000 0.000 0.000 0.001 0.022 0.000 0.000 0.000 0.000 0.000 0.008 0.965 0.999 0.000 0.989 0.983 0.104 0.000 0.000 0.000 0.000 0.000 0.000 0.000 0.000 0.000
0.001 0.000 0.001 0.000 0.701 0.660 0.000 0.000 0.000 0.000 0.000 0.000 0.002 0.000 0.000 0.000 0.000 0.000 0.000 0.997 0.992 0.989 0.000 1.000 0.987 0.000 0.000 0.000 0.000 0.000 0.000 0.000 0.000 0.000
0.000 0.000 0.000 0.000 0.000 0.000 0.000 0.000 0.000 0.000 0.000 0.000 0.001 0.000 0.000 0.000 0.000 0.000 0.857 0.996 0.992 0.983 1.000 0.000 0.997 0.977 0.000 0.000 0.000 0.000 0.000 0.000 0.000 0.000
0.000 0.000 0.000 0.000 0.000 1.000 0.000 0.000 0.000 0.000 0.000 0.000 0.000 0.000 0.000 0.000 0.002 0.984 1.000 0.999 0.039 0.104 0.987 0.997 0.000 0.999 0.979 0.000 0.000 0.000 0.000 0.000 0.000 0.000
0.000 0.000 0.000 0.000 0.000 0.999 0.000 0.000 0.038 0.000 0.000 0.000 0.000 0.000 0.000 0.000 0.996 1.000 1.000 0.971 0.000 0.000 0.000 0.977 0.999 0.000 0.996 0.977 0.000 0.000 0.000 0.000 0.000 0.000
0.000 0.000 0.000 0.000 0.000 0.984 0.000 0.000 0.000 0.000 0.000 0.000 0.000 0.000 0.000 0.141 0.991 1.000 0.982 0.050 0.000 0.000 0.000 0.000 0.979 0.996 0.000 0.993 0.997 0.498 0.918 0.000 0.000 0.000
0.002 0.004 0.000 0.000 0.000 0.000 0.000 0.000 0.003 0.065 0.939 0.054 0.139 0.000 0.987 0.999 1.000 1.000 0.000 0.000 0.000 0.000 0.000 0.000 0.000 0.977 0.993 0.000 1.000 1.000 0.008 0.000 0.000 0.000
0.000 0.000 0.000 0.000 0.000 0.084 0.000 0.000 0.000 0.000 0.000 0.000 0.000 0.000 0.000 0.005 0.097 1.000 0.000 0.000 0.000 0.000 0.000 0.000 0.000 0.000 0.997 1.000 0.000 1.000 0.988 0.007 0.000 0.000
0.005 0.000 0.000 0.000 0.000 0.000 0.000 0.178 0.000 0.000 0.000 0.000 0.000 0.000 0.000 0.107 0.000 1.000 0.000 0.000 0.000 0.000 0.000 0.000 0.000 0.000 0.498 1.000 1.000 0.000 0.993 0.980 0.085 0.980
0.002 0.002 0.000 0.272 0.010 0.992 0.622 0.152 0.000 0.000 0.000 0.000 0.000 0.000 0.000 0.000 0.000 0.999 0.250 0.025 0.000 0.000 0.000 0.000 0.000 0.000 0.918 0.008 0.988 0.993 0.000 0.993 0.989 0.999
0.073 0.008 0.001 0.015 0.000 0.196 0.000 0.000 0.000 0.000 0.000 0.019 0.026 0.000 0.000 0.000 0.000 0.000 0.000 0.000 0.000 0.000 0.000 0.000 0.000 0.000 0.000 0.000 0.007 0.980 0.993 0.000 0.996 0.992
0.235 0.227 0.342 0.985 0.755 0.999 0.000 0.000 0.000 0.000 0.000 0.003 0.003 0.000 0.000 0.000 0.000 0.000 0.000 0.166 0.004 0.000 0.000 0.000 0.000 0.000 0.000 0.000 0.000 0.085 0.989 0.996 0.000 1.000
0.119 0.092 0.117 0.983 0.177 0.999 0.993 0.986 0.000 0.000 0.000 0.000 0.000 0.000 0.000 0.002 0.000 0.973 0.226 0.000 0.311 0.000 0.000 0.000 0.000 0.000 0.000 0.000 0.000 0.980 0.999 0.992 1.000 0.000
